29.0702
29.1493
28.9966
28.5998
28.9985
29.0657
29.1148
28.909
29.0267
28.9294
28.6451
28.8294
29.1565
28.7689
28.9993
28.836
29.2825
28.94
29.2272
28.5649
28.9222
29.1078
28.4368
29.0392
28.9868
28.9497
28.957
28.8702
28.877
28.9009
29.0869
29.0606
29.0223
29.0819
29.0276
29.04
29.0247
29.0769
28.8378
29.0185
28.8223
28.613
29.2159
28.9328
28.8508
28.8338
28.7202
29.0561
28.6177
28.9398
29.0319
29.0913
29.0317
28.8755
29.306
29.3205
29.0265
28.9562
28.7564
29.2157
28.9291
29.0627
29.1133
28.5426
28.9014
29.0666
29.1047
28.8745
29.1751
28.9157
28.6701
28.7215
29.2379
28.8441
28.8898
29.0324
28.7473
28.8778
29.0617
28.9623
28.8214
29.0624
28.8841
29.2395
28.5268
29.25
28.5868
28.5397
29.1092
28.8272
29.404
28.8096
28.7742
29.0369
28.7973
29.3999
29.0114
28.4875
28.9211
29.1904
28.8967
28.7974
28.6256
29.1676
29.1942
28.7145
29.0884
29.1075
29.3958
29.2533
28.8756
28.9357
29.1807
29.1365
29.2544
28.7562
29.2365
28.5521
28.873
29.2472
29.0799
28.9486
28.7909
29.2023
29.3638
28.8132
29.2139
29.395
29.1068
29.0711
29.1282
29.206
28.6855
29.3344
29.1697
29.2161
28.4357
28.8425
29.2514
28.7376
29.0929
29.2343
28.9762
29.2858
29.0673
29.1666
29.0543
29.1486
28.849
29.23
29.2221
29.1096
29.2426
29.4134
29.0161
28.8707
29.0643
29.1985
28.6679
28.655
29.1853
28.7553
29.0292
29.0178
28.7407
28.6617
29.0143
28.4987
29.022
28.7239
29.0536
28.7201
29.0041
29.0667
29.1356
29.2418
29.4053
28.9398
29.3213
29.1018
29.163
28.7921
28.8013
29.3074
28.9704
28.7576
29.0621
29.058
29.1554
28.9053
28.5869
29.1663
28.8373
28.5906
29.2104
28.9166
29.1368
29.0735
28.6467
28.5985
29.0861
29.3251
29.1597
29.0275
29.142
29.196
29.1482
29.3046
28.399
29.0651
29.0248
29.1752
29.3515
29.2141
29.2552
29.2078
28.9691
28.8351
28.62
28.729
29.0242
28.9452
28.4938
29.0701
29.0275
28.654
29.198
29.1297
29.1417
28.7107
28.9481
28.8067
29.3618
28.88
29.3652
29.4104
29.0481
29.1007
28.8635
29.1711
29.5167
28.8449
28.784
28.94
29.037
29.0369
28.9735
29.0233
28.9032
29.0308
28.9892
28.9935
28.8443
29.0578
29.1134
28.594
28.9002
28.812
28.9288
29.028
28.6636
28.96
29.092
28.7938
28.5666
29.2666
28.4565
28.8087
28.9926
28.9839
28.9975
28.9181
28.8899
29.0943
28.9255
28.7627
29.1722
29.1587
29.0728
28.6032
28.8412
29.0036
28.8057
28.7226
28.8871
29.1642
28.6918
28.697
29.3927
28.8812
28.9564
29.2253
28.6455
28.488
29.0281
29.1823
28.8937
28.862
28.7658
29.3196
28.7365
29.2353
29.123
28.9905
29.1968
28.8972
29.0071
28.8412
28.3561
29.272
28.6381
28.7879
29.1647
28.6912
28.7217
28.8482
29.2196
29.2257
28.6471
28.8746
29.0666
28.9701
28.7684
28.8926
29.0062
28.6109
28.7569
28.6644
29.1889
28.656
28.774
28.9559
28.7375
28.8655
29.2105
28.8401
29.1948
28.5751
28.9656
29.0872
28.294
29.1109
29.0112
29.1234
28.8028
28.9151
29.2333
28.7342
28.8462
28.8459
28.9446
28.3743
28.987
29.4063
28.9281
29.0799
28.6688
29.3152
28.8419
29.0043
28.9026
28.8681
29.0002
28.7608
28.9523
29.2455
28.7738
28.9662
28.652
28.8921
29.0301
28.9377
28.6354
28.7464
29.0584
28.5329
29.2148
29.0516
28.8434
28.5571
28.9984
29.2694
28.7723
28.8605
28.9745
29.0176
29.1245
28.8051
28.5381
28.9197
29.0092
28.9829
28.9164
28.894
29.4241
28.3198
28.7843
28.8498
29.0104
28.9835
29.0066
28.9148
29.1046
28.8473
28.7119
28.7081
29.054
29.2706
28.4525
28.927
28.6355
28.7648
28.7879
28.909
28.9745
28.5209
28.8074
28.8091
28.6358
29.2815
28.7978
28.9036
28.761
29.0782
28.9171
28.6599
28.9968
28.6995
28.8644
28.4188
28.8938
28.6197
28.7865
28.7924
28.8026
29.2605
28.7437
28.9502
29.0562
28.7721
28.9238
29.0202
28.6123
29.2622
28.9386
28.8341
28.7268
28.7532
29.2008
28.8019
28.8988
28.4566
29.0967
28.9621
28.7749
28.6059
28.6715
28.7415
28.7412
28.8426
29.1243
28.5167
28.9997
28.8019
28.8447
29.313
28.6168
28.8355
29.0054
28.7855
29.0382
28.671
28.8355
28.6941
28.6299
28.8595
29.5312
28.9896
28.7888
28.8235
28.5854
29.1688
28.6962
28.5073
28.5435
28.8054
28.715
29.0141
29.0873
28.9477
28.8497
28.7454
28.9552
28.716
28.7957
28.7867
29.0618
28.892
29.4455
29.0869
28.5292
29.1003
28.4042
28.8651
28.8796
28.8772
28.7142
28.7486
28.692
28.8675
28.9192
28.8464
28.4544
28.5425
28.6729
28.6631
28.3612
28.7631
28.2392
28.9447
28.7465
28.6629
28.5292
28.5759
28.9953
28.6493
28.6105
28.6834
28.8546
28.7412
28.709
28.7039
28.9551
28.6981
28.9737
28.8867
28.4237
28.8715
28.842
28.8784
28.8526
28.678
28.7474
28.598
28.7583
28.8081
28.7008
28.9024
28.9316
28.756
28.9272
28.7984
28.5375
28.6674
28.9531
28.4143
28.701
28.8935
29.3725
29.2416
28.8369
28.9475
29.1178
28.8019
28.514
28.7089
28.904
28.6642
28.6608
28.9127
28.8935
28.8022
28.703
29.1892
28.4409
28.6779
28.5171
28.5532
28.6008
28.6612
29.1092
28.8628
29.4374
28.8712
28.7962
28.7094
28.4107
29.1835
29.011
28.9342
28.7237
28.8725
28.6314
28.2582
28.6755
28.4396
28.9107
28.4297
28.7657
28.6779
29.1
28.8886
29.1621
28.7528
29.1032
28.9415
29.124
28.7278
28.4148
28.6049
28.7314
28.6981
28.7376
28.5401
28.7492
28.7049
28.7197
28.8416
28.9966
28.8827
28.8414
28.6702
28.8169
28.6843
28.6021
28.4991
28.9875
28.4341
29.1306
28.7654
28.8964
28.8269
28.7942
28.9714
28.603
28.975
28.9918
29.1218
28.6689
28.7656
28.8748
28.5187
29.0033
28.6543
29.1968
28.8307
28.5892
29.1132
28.595
28.7106
28.4768
28.4758
28.5932
29.0108
28.8347
28.8083
28.9033
28.8198
28.8472
29.1328
28.7451
29.0188
28.8551
29.1712
28.6713
28.862
28.9957
29.2713
28.9423
28.7461
28.7268
29.1557
28.6236
29.1501
28.9501
28.6607
28.762
29.0685
29.0032
29.0267
28.9652
28.8742
29.121
28.7886
28.7879
28.417
29.3565
28.8291
29.2305
29.0194
28.7864
29.1475
28.8731
28.813
28.9524
28.7968
29.0187
28.8309
28.6695
28.5488
28.6627
28.4147
28.98
28.6156
28.5432
28.6642
28.7967
28.6833
28.5302
29.0856
28.7868
28.7615
28.6777
28.4442
28.7778
28.8901
29.1726
28.8371
28.7916
29.0824
28.6918
28.8936
28.7578
28.9829
29.0602
28.5239
28.562
29.1941
28.9339
29.1412
28.5263
28.5149
28.7529
29.0567
29.0686
28.8621
28.9182
28.7982
29.0874
28.8984
28.6812
28.8351
28.9888
28.9275
28.8476
28.5828
28.8204
28.8002
28.5468
28.5537
29.0319
28.403
29.0984
28.8164
28.9952
28.8901
28.5377
28.8763
29.0529
28.9856
28.3656
28.8831
28.5857
28.7819
28.6985
28.8087
28.9791
28.5002
28.689
28.585
28.8339
28.7492
28.6928
28.5441
28.5772
28.5086
28.2348
28.9337
28.3224
28.7931
28.6965
28.2143
28.4066
28.6439
28.9634
28.7683
28.8513
29.1359
28.904
28.6652
28.7687
28.6282
28.2344
28.9929
28.5625
28.5933
28.887
28.6215
28.7141
28.5056
28.6643
28.9022
28.6747
28.7996
28.6411
28.543
28.6038
28.968
28.869
28.8408
28.8009
29.1884
28.2602
28.8227
28.8419
28.8513
28.394
28.7524
28.9534
28.7772
29.1747
28.9997
28.3864
29.0245
28.5665
28.8094
28.5991
28.7047
28.9508
28.7158
28.7413
29.1435
28.7376
28.4854
28.7942
28.8591
28.6967
28.7159
28.7801
28.8333
28.3738
28.809
28.4162
28.6468
28.4854
28.6789
28.8372
28.718
29.1178
28.7953
28.0199
28.514
28.6503
28.6307
28.4971
28.9694
28.8066
28.721
29.0134
28.7481
29.7535
28.9133
29.4461
28.9898
28.864
29.062
29.1858
29.3699
29.0976
28.8439
28.8126
28.9187
29.2642
28.6649
28.8422
29.2316
28.9115
28.9111
28.9624
29.2594
28.5388
28.7936
29.1515
28.8399
29.2797
28.8694
28.7393
29.0011
28.7492
28.7471
28.8986
29.1399
29.0478
28.7555
28.7745
28.6932
28.8682
29.2147
29.2715
29.0201
28.6273
28.8161
29.0236
28.8338
29.2866
28.7607
28.5593
28.6588
29.0192
28.7287
29.0141
29.1027
28.8875
29.4591
28.9016
29.3355
28.8048
29.1914
29.1931
28.8292
29.1366
29.0085
29.3807
28.9568
29.0428
28.8295
28.8723
29.1397
28.614
29.4744
28.8394
28.956
29.2352
28.7576
28.7294
29.0635
28.8357
28.7571
28.8711
29.2498
28.7554
28.8083
29.3398
28.8835
29.0001
28.7004
29.0626
28.7262
28.8089
28.834
28.6969
28.9477
28.6278
28.8373
28.8321
28.8486
29.2021
28.8546
28.661
28.4938
28.7392
28.7217
28.6597
28.8254
29.1325
28.8397
28.8121
28.8428
29.2255
28.5822
28.901
28.9601
29.1613
28.4757
28.8531
29.1367
28.949
28.9632
28.7944
29.0453
28.5925
28.7098
28.7174
28.63
28.7542
28.7318
29.2261
29.3323
28.8887
28.4873
29.0937
29.0993
29.089
28.9645
29.024
28.2353
28.817
29.0154
29.334
28.8491
28.8337
29.0051
29.3251
28.4755
28.8706
28.6522
28.8987
28.9165
28.8174
28.8842
29.0797
28.8869
28.7396
28.8865
28.9321
28.9566
28.8834
29.0746
28.916
28.468
29.0979
28.9922
28.5199
28.8054
28.88
28.9854
28.9495
28.8655
29.0577
29.116
28.9682
28.7674
28.6278
28.618
28.7262
28.9832
28.955
29.1186
28.9571
29.2046
29.1592
29.1301
29.0843
28.8303
28.8393
29.1275
28.9891
28.7483
28.6678
28.8164
28.4534
29.3127
28.6898
28.9699
29.1929
28.4022
29.253
28.9989
28.6921
29.029
28.7677
28.6491
28.7271
28.8101
28.6021
28.7552
28.6175
28.752
28.767
28.9263
28.7196
28.5787
28.8261
28.9751
29.1913
29.2846
28.8769
29.1064
28.8039
28.6963
28.9785
28.8831
28.9695
28.7366
28.8061
28.8008
28.8748
28.5043
28.7904
29.0474
28.9507
28.8591
28.7094
28.6633
28.714
29.2083
28.6466
29.3709
28.7468
29.0509
28.2521
29.1725
29.186
28.7148
28.9319
28.805
29.1663
28.9791
28.602
28.7714
28.4244
28.7066
28.9415
29.2811
29.3175
29.2334
29.2248
28.9508
28.8851
28.9066
28.8142
28.7793
28.9526
28.5733
28.7954
28.9164
28.9943
28.8004
29.1023
28.701
28.9013
28.9274
28.5036
28.7607
28.8352
28.9395
29.1685
28.6541
28.9057
28.7141
28.7214
28.9219
28.9845
28.9227
28.6558
29.0519
28.801
28.5812
28.8476
28.957
29.3779
28.7383
28.6675
28.8997
28.6504
28.8063
28.8869
28.6676
28.8358
28.3004
28.7085
28.8514
28.879
28.6589
28.8026
28.7077
28.7929
28.7175
28.9157
28.8135
28.5496
28.6125
28.7225
28.3143
28.7777
28.5764
28.8349
28.6917
28.9352
28.3152
28.5883
28.8569
29.0067
28.7528
28.7529
28.688
28.9107
28.551
28.9457
28.9347
28.8576
28.8539
28.953
28.5203
28.6003
29.0211
28.8532
28.5979
28.4166
29.0129
28.3962
29.143
28.929
28.9567
28.8332
28.7654
29.0267
28.8045
28.5975
28.9267
28.8936
28.6513
28.979
28.7028
28.8283
28.4387
28.9283
28.9943
28.6944
28.877
28.8378
28.7843
28.9217
28.6332
28.7434
28.8596
29.0818
29.0835
28.8209
28.9956
28.969
28.8954
28.6455
28.9457
28.6827
28.6743
29.0424
28.5836
28.2599
28.6854
28.7866
29.0569
28.573
28.5595
28.6074
28.6997
28.5343
28.8095
28.813
28.9888
28.8223
29.1087
29.0048
28.7816
29.17
28.5514
28.8662
29.1854
29.0846
28.655
28.6823
28.9404
28.4864
28.7488
28.4915
28.5257
29.0408
28.9769
29.196
28.8339
28.9424
28.6828
28.8167
28.7631
29.1796
28.8217
28.4694
29.0872
28.4111
28.4142
28.8446
28.9925
28.9065
28.5979
28.746
28.9478
29.3142
28.7912
28.8637
29.0119
28.8202
29.1987
28.741
28.7152
28.9541
29.0015
28.8889
29.066
28.7826
28.8437
28.9164
28.6048
28.8897
28.4014
28.6279
28.5561
28.3143
29.1728
28.5384
28.6758
28.8712
28.6721
28.9337
28.5882
28.6908
28.695
28.676
28.6882
28.6725
28.6426
28.7105
28.8248
28.4561
28.342
28.7949
28.5474
28.8445
28.5768
28.4971
28.5449
28.4051
28.8825
28.7369
28.7222
28.6058
29.0045
28.7133
28.5598
28.8893
28.9186
28.9221
28.151
28.6568
28.5393
28.976
29.155
28.6425
28.688
28.9632
28.8974
28.4615
28.4295
28.8214
28.4612
28.247
28.6322
28.6965
29.1375
28.9061
29.0352
28.9951
28.9247
28.6092
28.597
28.5235
28.8204
28.4757
28.7716
28.7716
28.5544
28.4962
28.8686
28.8143
28.7348
28.9597
28.3643
28.621
28.5509
28.8512
28.58
29.2103
28.8251
28.6164
28.8552
28.917
28.7793
28.9586
28.3986
28.7112
28.6045
28.7127
28.8472
28.8324
29.0989
28.9399
29.0069
28.6651
29.0175
29.3987
28.794
29.1832
28.8425
29.1469
28.7064
28.7922
28.6437
29.1123
29.0723
28.6448
28.8648
29.1104
28.9036
29.0083
28.568
28.7077
28.8375
29.14
28.8327
29.077
28.6667
29.3363
28.6661
28.7407
28.6647
29.0944
28.9114
28.8486
28.7504
28.8385
29.1414
29.1141
29.3133
28.6451
28.7339
28.6851
29.2568
28.6636
28.781
29.1731
28.9973
28.7775
28.8449
28.6358
29.1566
29.1002
28.9783
28.8572
28.419
28.8893
28.7913
28.9276
28.683
28.5867
28.6923
29.1545
28.959
29.1137
29.2216
28.9677
29.5038
29.295
28.8433
28.5505
28.9342
29.0132
29.1583
28.841
28.4014
28.8991
28.6339
28.8728
28.7812
28.6611
28.4553
28.9874
29.1648
29.3957
28.8831
29.0127
28.903
29.0349
29.2524
28.6684
28.7626
29.0437
28.7764
28.5605
28.9922
28.6904
28.3945
28.6
28.7685
28.64
28.8714
28.3724
28.9857
28.7887
28.8443
28.8047
29.2876
28.5495
28.7048
28.5273
28.8508
28.8134
28.8099
28.9281
28.9929
28.829
28.9777
29.1935
28.8203
28.4483
28.6509
28.9664
29.0598
28.5969
28.8288
28.6449
28.4348
28.661
28.6696
28.9686
28.8542
28.5279
28.88
29.0571
28.8734
28.6301
28.7652
28.9586
28.6589
28.3653
28.4828
28.6812
28.6686
28.8121
28.7742
29.314
29.0865
28.863
28.9297
28.8656
28.8008
29.0276
28.6757
28.4715
28.8066
29.5297
28.9197
28.8474
29.0918
28.7268
28.7444
28.9427
28.655
29.1957
28.736
28.8759
28.9332
28.8098
29.0217
28.6617
28.9504
28.4706
28.9268
28.6547
28.9887
28.7955
28.9918
28.9254
28.9122
28.7646
28.624
28.5687
29.1295
28.539
29.0584
28.8732
28.603
29.0502
29.0172
29.0208
28.9332
28.978
29.2536
28.9636
29.1353
28.8475
29.0381
28.8162
28.9139
29.5228
28.6647
28.9093
29.169
28.6766
29.0399
28.8808
28.4924
28.851
29.1872
29.2112
28.9122
29.4096
28.8352
28.8368
28.8698
29.0661
28.5913
29.0119
28.9771
29.0689
28.6483
28.7711
28.7878
29.2829
29.0202
28.7956
28.5455
28.7801
29.4774
28.7343
28.88
28.9387
29.0348
28.9436
28.9107
28.5425
29.2586
28.6888
28.7183
29.0867
29.0417
29.0902
28.7093
28.8924
28.9117
29.1726
28.8702
28.7749
28.9834
29.2769
28.6894
28.9036
28.5558
28.9588
28.8058
28.8069
28.9552
29.1226
28.6753
29.0372
28.9589
28.9442
28.6242
28.8156
28.9722
28.8468
28.7457
28.5023
28.6536
29.1344
28.9297
29.0101
28.7041
29.0353
28.9207
28.796
29.0017
29.0523
29.2054
28.6347
28.8972
28.9103
29.0449
29.1331
28.5126
28.9596
28.9724
28.3805
28.7332
28.9317
29.1545
28.9244
28.9752
28.9857
28.6305
28.8404
28.9202
29.0032
28.5498
28.9736
28.7178
28.9283
28.7958
28.9908
28.6466
28.8973
28.5222
28.9442
29.134
29.0104
28.982
28.5226
28.878
28.7329
29.0703
28.7245
28.7167
28.9643
29.0026
29.0445
28.8911
28.7798
28.6112
29.1578
29.2547
28.7751
29.157
28.8241
29.6086
28.9594
29.0955
29.0417
28.5787
28.8461
28.971
29.0436
28.7256
29.4187
28.9704
28.999
28.8082
28.8095
28.7362
29.0107
28.9447
28.8364
28.9421
28.9531
29.2709
28.997
28.8225
29.2453
28.9486
29.086
28.9557
28.7779
29.4701
29.0626
28.7847
29.0942
29.1267
28.9661
29.0702
29.0382
29.2951
29.3794
28.7774
28.8933
28.8286
29.122
28.9753
28.8914
29.1557
28.7782
28.9961
28.6736
29.2446
29.1432
29.0722
29.3615
28.8518
29.3513
28.9295
28.999
29.0531
28.7039
29.1898
29.1227
28.8492
28.7834
29.1132
29.2796
28.8598
28.7796
28.7596
29.2613
28.7464
28.435
28.8676
28.9701
28.601
28.8995
28.305
28.8411
28.5763
28.8784
28.9114
28.7506
29.1667
28.9297
28.6005
28.8708
28.9339
29.0481
29.1547
28.9471
28.7274
28.7587
28.6238
28.813
28.6676
28.6831
29.1188
28.3782
28.4913
28.3546
28.6484
29.0699
29.034
28.6736
28.7898
28.7472
28.738
28.6576
28.8325
29.1102
28.7661
28.7867
28.7471
28.7504
28.6348
29.0638
28.6351
28.9061
28.6317
28.6624
28.8783
28.9719
28.9012
29.1338
28.3801
28.8746
28.7265
28.5326
28.9326
28.9273
29.018
28.8346
29.2596
28.8486
28.8723
28.6144
28.6313
28.7029
28.8047
28.82
28.7171
28.9858
28.8998
29.0605
28.9397
28.9573
29.192
28.7003
28.2216
28.4947
28.7319
28.7829
28.8237
28.6645
28.7741
28.5863
28.8928
28.6732
28.4713
28.5295
28.9483
28.6437
29.0377
28.8171
28.7868
28.6155
29.1501
28.5597
29.1101
28.6515
28.7332
28.5841
28.5884
28.6926
29.0502
28.9562
28.7897
28.7231
28.7929
28.9901
28.843
29.1982
28.4765
28.7062
29.1757
29.1301
28.7646
29.0839
28.6448
28.6188
28.7891
29.0661
29.3152
29.0323
29.0133
28.9522
28.9291
29.1721
28.8132
28.7882
28.7402
28.8463
29.0674
29.3334
28.5454
28.5935
29.1743
28.9805
28.7269
28.832
28.8837
28.7431
28.8003
28.4109
28.732
28.8511
28.6872
28.7312
28.9293
29.0092
28.8442
28.6919
29.2467
29.1147
28.974
28.9879
28.5328
28.6066
28.6798
29.0125
28.661
29.0611
29.2755
28.7984
29.0081
29.2682
29.3974
29.3333
28.5417
29.1258
28.7923
29.1847
28.9312
29.1958
28.7187
28.9782
29.1716
28.742
28.4369
28.8904
29.0149
29.0461
28.7434
28.5883
29.1665
28.9689
29.0815
29.4702
29.1045
29.4204
29.2869
29.3918
28.7776
29.1091
28.9008
29.152
28.8476
29.1952
29.1073
29.1685
28.9404
28.8157
29.416
29.0507
28.8741
28.995
28.6914
29.2363
29.1071
29.0837
29.0321
29.1321
28.7921
28.6666
29.1052
28.5849
28.814
28.9689
28.9528
29.3595
29.0834
28.9787
28.7919
29.3198
28.9233
28.9915
29.1074
29.2563
29.0994
29.014
29.2432
28.8955
28.8342
29.018
28.7137
28.867
28.3332
28.5136
28.5565
28.2857
28.3834
29.0405
28.9564
28.653
28.4843
28.7497
28.3539
28.7904
28.6532
29.1182
28.4915
28.8113
28.7618
28.8595
28.5696
28.5209
28.8032
28.5029
28.4648
28.8425
28.5311
28.7209
28.8222
29.0386
28.7399
28.6998
28.9237
29.1125
28.4393
28.4859
28.7685
28.358
28.3084
28.6714
28.1902
28.5348
28.7679
28.3088
28.6062
28.5148
28.7656
28.463
28.8088
28.6816
29.1774
28.6421
28.8009
28.4641
28.3039
28.7628
29.0369
28.7489
28.8302
29.0775
28.9449
28.5806
28.6723
28.7387
28.7888
28.7615
28.3449
29.0038
28.6899
29.0063
28.5354
28.9345
28.6155
28.3485
28.4391
28.285
28.9104
28.5283
28.675
28.9407
28.7328
29.028
29.319
28.8691
29.0895
28.7422
28.9385
28.7711
28.774
28.89
29.2355
28.4889
28.9666
28.9628
28.9844
28.7469
28.7228
29.1187
28.7894
28.3503
28.4555
28.7573
28.5245
28.8659
28.7091
29.0753
29.0518
28.8056
28.8471
28.9354
29.0276
28.6263
28.4557
28.405
28.3868
28.7435
28.5591
28.6337
28.8071
28.9298
28.6863
28.6065
28.5969
28.9871
28.6921
28.939
28.3
28.7939
28.8596
28.573
28.8489
28.7386
28.9451
28.9705
29.0032
28.092
28.9892
28.3432
28.9376
28.6104
28.749
28.6428
28.8729
28.96
28.9627
28.8301
29.1374
29.0818
28.5912
28.7424
28.6361
28.5165
28.7517
28.8548
28.4547
29.1099
28.6379
28.801
28.7183
28.4863
29.2137
28.4709
28.8154
29.0011
28.8172
28.2065
28.7081
28.7154
28.7422
28.659
28.3918
28.416
28.4161
28.4577
28.7272
28.959
28.8224
28.6228
29.043
28.4611
28.8105
28.654
28.8925
28.9447
28.9083
29.0444
28.3765
28.3406
28.478
28.6751
28.7406
28.6266
28.8975
28.5926
28.7393
28.7704
28.275
28.579
27.9517
29.1
28.696
28.9934
28.6161
28.7781
28.3379
28.9001
29.0813
28.6526
28.7955
28.975
29.0323
28.2266
28.6329
28.6926
28.6017
28.5984
28.8251
29.0121
28.8237
28.8826
28.6885
29.2522
28.9584
28.74
28.6182
28.5445
28.8275
28.8815
28.4186
28.4981
28.5788
28.7896
28.4181
28.9788
28.6465
28.6208
28.301
29.2384
28.6513
28.3035
29.0698
28.6233
28.5313
28.8476
28.6581
28.7098
28.4849
29.038
28.4247
28.4163
29.015
28.9038
29.0833
28.5749
28.9727
28.7514
28.6786
28.3724
28.64
28.7431
28.747
28.5779
28.965
28.8856
29.0529
28.4654
28.4838
28.7585
28.6334
28.3047
28.5919
28.7236
28.9745
28.8132
29.083
28.6818
28.4922
28.8606
29.1676
28.8239
28.7412
29.3528
28.9841
28.7459
29.1155
28.8948
28.9512
28.5231
28.4207
29.0656
29.0351
28.3784
28.9078
29.0155
29.1255
28.5324
28.5593
28.6546
28.7427
28.7526
28.4355
28.8989
28.9096
29.1197
29.233
28.82
28.666
28.6153
28.7067
28.7786
28.416
29.1551
28.7419
28.7372
28.7692
28.7348
28.6114
29.006
28.8083
28.9611
28.5717
28.4043
28.8293
29.3984
28.8272
29.0846
28.9779
29.1764
28.9642
29.1532
28.8488
28.9642
29.0023
28.6794
29.298
28.8102
29.0705
28.9753
29.0934
28.7787
28.7164
28.991
28.9206
28.1624
29.2099
28.7097
28.9811
28.8416
28.914
28.7774
29.145
29.288
28.8427
29.1116
28.7344
28.8043
28.1541
28.6671
28.9129
28.6751
28.4427
28.8547
28.9395
28.8657
29.1247
28.9751
29.0748
29.0997
28.948
28.3273
29.0491
28.7266
28.876
28.8716
28.5898
28.8637
29.0119
28.6299
28.4033
28.9324
28.9452
28.906
28.8996
28.7228
28.7866
28.5755
29.0084
28.6705
28.9457
28.7496
28.4419
28.7398
28.9147
29.0096
28.6868
28.8985
29.196
28.4698
28.5388
28.2799
28.5348
28.5295
28.596
28.7548
29.0643
29.0532
28.6372
28.7822
28.7411
28.8021
29.1809
28.8456
28.4034
28.9331
28.67
28.8957
29.0739
28.9143
28.5536
28.9014
28.8458
29.3649
28.9141
28.2693
28.9922
29.0696
29.2595
28.6364
28.5299
28.9186
28.5862
28.588
28.4271
28.9309
28.8071
28.9581
29.1416
28.5657
28.8981
28.6264
28.8298
28.809
28.8999
28.7819
28.9977
29.0116
28.9198
28.2547
29.0748
28.7105
28.899
29.0605
29.3006
28.568
28.5814
28.3746
28.7062
29.0249
28.5307
28.8028
28.7009
28.6776
28.3487
29.0299
28.864
29.1853
28.4872
28.6832
28.5438
28.7369
28.826
28.3607
28.5731
28.5461
28.8622
28.8477
28.8317
28.824
28.9369
28.9857
29.1485
28.7344
28.9966
28.6677
29.0131
29.0138
28.9349
28.964
28.8138
28.6769
29.022
28.6797
28.7542
28.7441
29.2753
29.0879
29.0555
28.7034
28.6016
28.8916
28.4758
28.2685
28.6814
28.9653
28.5311
28.7534
28.6491
29.0519
28.8586
29.0662
28.7381
28.5886
28.9052
29.511
28.7809
28.9012
29.1179
29.1031
28.4002
29.0439
28.5409
28.3733
28.5947
28.7232
29.1334
28.8558
28.8849
28.8241
28.7993
28.931
28.6986
28.6437
29.0238
28.6879
29.2328
28.7542
29.0292
29.1897
28.9209
28.9477
29.0171
29.1558
28.8856
29.2777
28.9804
28.543
28.6494
28.7759
29.0449
28.4559
29.048
28.8179
28.9862
28.8467
28.9335
28.9782
29.378
28.7158
28.7363
29.0269
28.9994
29.1906
28.6159
28.6577
29.0228
29.2581
28.4241
28.3087
29.0262
28.6425
28.6952
29.0622
29.0796
29.3222
29.0465
28.969
28.9172
28.8594
28.7575
28.7016
28.765
28.7747
28.6318
28.9062
28.82
29.1928
28.4528
29.1668
28.8721
29.3711
29.0305
29.0365
28.9263
28.8362
28.6809
28.6953
28.3274
28.6233
29.3969
28.8532
28.9868
29.092
28.9965
28.6639
29.006
29.2977
28.7735
29.1678
28.9264
29.135
28.7461
28.724
28.9176
28.6754
28.7584
28.5822
29.079
28.8642
28.6707
28.9353
28.3977
28.8713
28.9348
28.3295
29.1518
29.0892
28.7898
28.8396
28.8756
28.7907
28.649
28.8842
29.1566
29.2795
28.8451
28.8659
28.8518
29.3581
28.4821
28.644
28.977
28.9519
28.4963
28.9426
29.3558
28.8537
28.9136
28.7596
28.8947
29.3241
28.7705
29.0063
28.9009
28.9202
29.1165
28.5865
29.2386
28.9845
28.9093
28.8339
28.8955
28.8898
28.983
29.0503
28.7523
28.9835
28.7726
28.9235
29.3673
28.9815
28.8113
29.1197
29.0788
28.6759
28.9122
28.9589
28.9547
28.8779
28.8796
28.6298
29.1093
28.9768
28.4297
29.0822
28.9158
28.8255
28.7765
28.7632
28.8835
28.9922
28.7725
29.1574
28.7158
28.6057
29.205
29.0964
29.1412
28.4688
28.8494
29.0054
29.0578
28.9154
28.8446
28.7824
28.9634
28.8133
28.9639
29.2497
29.1065
28.9612
29.2001
28.9679
29.2808
28.5911
28.8822
28.8228
28.9327
28.5604
29.2201
29.0083
28.8772
29.0525
28.7561
28.7831
28.7917
28.6832
28.4881
28.5379
28.4473
28.6342
28.9512
28.5236
28.6908
28.9718
28.8344
28.9645
29.1434
28.9329
29.1485
29.1838
28.8191
28.7335
28.8278
28.926
28.5427
29.2103
28.8528
29.1028
28.7719
29.0601
28.5826
28.6637
28.5225
28.546
28.9694
28.8211
28.4754
28.8455
28.7265
28.9644
28.4459
28.6635
28.8955
28.6932
28.8911
28.8176
28.8312
28.8853
28.605
28.9151
28.889
28.52
28.8666
29.2104
28.6522
28.5762
28.7061
28.8532
28.7174
28.7092
28.9534
28.9754
28.8262
28.917
28.7876
28.9143
28.8705
29.2647
29.197
29.0125
28.4337
28.865
29.0408
29.2828
28.4218
29.2436
28.6418
28.9382
28.8465
29.0308
28.8206
28.7857
28.8341
29.0615
28.8738
29.2273
28.6479
28.9767
28.7208
28.883
28.9782
28.9874
28.9008
29.0133
28.6765
28.8383
29.3152
28.6139
28.6562
28.9858
28.8686
28.9789
29.2537
29.2661
28.7973
29.0308
29.0778
29.3715
29.2023
28.7927
29.0675
28.9521
28.9358
29.2281
29.1596
28.9128
29.332
28.8374
29.2593
28.664
28.6591
29.2085
29.0382
28.9885
28.2887
28.8687
28.9543
28.7662
28.409
28.5791
28.1759
28.6152
28.7307
28.448
28.918
28.4145
28.405
28.6589
28.6411
28.5676
28.597
28.3723
29.0688
28.7842
28.9908
28.4644
28.8755
28.8062
28.691
28.6789
28.6239
28.7118
28.6604
28.4681
28.73
28.6642
28.7971
28.6355
28.3669
28.7558
28.5235
28.8216
28.4431
28.6394
28.7837
28.6232
28.6922
28.6586
28.7872
28.9132
28.9482
28.8253
28.769
28.7023
28.8499
28.6319
28.7159
28.378
28.7635
28.5756
28.1447
28.7462
28.6979
28.4679
28.7573
28.9833
28.5812
28.6176
29.0269
28.3782
28.116
28.9587
28.8994
28.4966
29.06
28.9302
28.9209
28.6002
28.8044
28.775
28.9337
28.9114
29.2025
28.8598
29.1418
29.0331
29.3506
29.1304
28.9947
28.9164
28.9248
28.7327
28.4405
28.629
28.6262
28.3619
29.0522
28.7215
28.7934
29.3472
28.688
28.7545
28.7844
28.9802
28.7114
28.9118
28.6963
29.0255
29.0067
28.2981
29.0397
28.4838
28.5718
29.1225
29.0785
28.5514
28.8437
28.9081
29.1276
28.6828
29.1213
28.5552
28.6189
28.6713
28.5682
29.0326
29.0927
28.9215
28.5935
28.9601
28.9705
28.5365
28.9819
28.7882
29.0019
28.2702
29.0851
28.6811
28.5932
28.7258
28.8145
28.4103
28.8774
28.4943
28.1408
28.4685
28.5179
28.8376
28.7814
28.531
28.5378
28.3448
28.8233
29.0322
28.6018
29.0664
28.5732
28.5976
28.7296
28.8686
28.9111
28.7073
28.4728
28.7528
28.6049
28.6128
28.7931
28.7336
28.5151
28.7901
28.4788
28.8054
28.333
28.6994
28.8121
28.899
28.9025
29.0433
28.9842
28.6348
28.7647
28.9459
28.9791
28.4086
28.0642
28.5879
28.6443
29.2899
28.6012
28.7969
29.0042
29.0571
28.1992
28.7885
28.5205
28.7512
29.0425
29.2558
29.1739
29.0699
28.768
29.1485
28.9589
28.8598
28.8613
29.0603
28.6925
29.0878
29.0816
28.8445
29.0338
29.3323
29.0754
29.1834
29.0503
29.3017
29.2019
29.4267
28.8348
29.1644
28.8412
28.9357
29.0467
29.0195
29.0304
29.3726
28.8686
29.0643
29.245
28.383
29.2856
28.5386
29.1433
28.8454
28.8624
28.8271
29.4697
29.3411
28.7397
29.3351
29.0271
29.0605
28.7256
28.8592
28.7379
29.2004
28.838
28.9498
28.9168
28.9371
28.9912
28.9543
29.0727
29.0358
29.2073
28.8674
28.8439
28.8024
28.6548
28.5089
28.8507
28.5411
28.6794
28.7692
28.733
28.654
28.8099
28.6284
28.7679
28.7531
28.7072
28.7053
28.4212
28.6112
28.5566
28.4676
28.9153
28.5209
28.7827
28.5464
28.6872
28.6919
28.7875
28.8188
29.0205
28.9403
28.818
28.5649
28.5438
28.7581
28.9183
28.7868
28.8073
28.0083
28.7311
29.1468
29.0697
28.9792
28.6107
28.7366
28.6077
28.9496
28.5713
28.8231
28.8414
28.6197
28.5703
28.9715
29.0739
28.9129
28.4483
28.9729
28.8502
28.5438
28.377
28.5692
28.7542
28.4242
28.8886
29.0721
28.7616
28.7534
28.8727
28.7378
28.9664
28.8988
29.1491
29.4886
28.7632
28.7343
29.0459
29.2563
29.248
28.92
29.2397
29.089
28.654
28.83
28.7699
29.2286
28.9325
29.4634
28.776
28.7719
28.9851
29.1427
28.9275
28.4378
28.7196
28.9575
28.3956
28.7457
28.9632
28.6206
29.0094
28.6879
28.8737
28.8253
28.7065
28.6467
29.0843
28.5413
28.9908
29.1763
28.966
28.7781
28.7577
29.177
28.8616
28.8195
29.0788
29.098
28.9627
28.9256
28.7655
29.1301
29.2069
28.3498
28.5443
28.5389
29.1353
28.6678
29.0259
28.8448
28.6907
29.2715
28.6854
28.7864
28.6933
28.9381
29.0479
28.944
28.8076
28.4231
29.0692
29.0503
28.7835
29.1073
28.7657
29.3539
29.0824
29.0124
28.6608
28.7428
28.8652
28.5001
28.6192
28.9091
28.7672
29.1481
28.9707
28.6701
28.7353
28.7463
28.988
28.7488
28.8901
29.0163
29.1332
28.943
28.8909
29.1459
29.0302
28.8122
29.1444
28.9678
28.9032
28.9304
29.5677
28.7166
28.8912
28.8831
28.9749
29.3867
29.1427
28.8583
29.0542
28.7591
28.7622
28.9423
28.5454
28.4603
28.9004
29.0942
28.9118
28.6329
29.0148
28.8699
28.5607
28.9866
28.3997
28.7139
28.4288
28.6167
29.0974
28.5939
29.0036
28.759
28.6252
28.3029
28.8499
28.8221
28.6626
28.8234
28.7533
28.4184
28.8246
28.6535
29.1553
28.8002
29.2543
28.7076
28.5768
28.9839
28.5022
28.5884
28.5815
28.7472
28.6409
28.5804
28.8078
28.4495
28.7742
28.8744
28.7583
29.3789
29.0153
28.7832
28.9934
28.6116
28.8173
28.677
28.5922
28.8308
28.4094
28.6124
28.5842
28.5018
28.6162
28.7298
28.7016
28.6611
28.566
28.5547
28.7644
28.4798
28.5277
28.6703
28.5896
28.4856
29.0971
28.5627
28.8878
28.4706
28.8736
28.9816
28.4942
28.742
28.2673
28.8334
28.901
28.4722
28.8497
28.2556
28.7305
29.0391
29.0749
28.6844
28.4999
29.2234
29.1094
28.9178
28.4522
28.7424
28.5398
28.6107
28.606
28.4393
28.9512
28.6705
28.9331
28.9237
28.8893
28.8349
28.8456
28.3266
28.596
29.0493
28.6045
28.2845
28.7866
28.7226
28.7861
29.0298
28.7227
29.0424
29.0672
28.827
28.7305
28.5029
28.8438
28.7323
28.6605
28.2915
28.5314
29.3502
28.9879
28.8363
28.9411
28.8396
28.8767
28.7815
28.5619
28.8891
28.5808
29.0624
29.0437
29.0175
28.7368
28.5991
28.8696
28.8346
28.8755
28.715
28.7006
28.6626
29.0595
28.6352
28.2259
28.6839
28.9574
28.6059
28.3848
29.0439
28.9635
28.8353
28.7474
28.6311
29.0998
28.6651
28.7357
28.7046
28.8587
28.6567
29.187
28.8145
28.6561
29.273
28.8604
28.7371
28.8808
28.8347
28.9901
28.857
28.6824
28.2619
29.262
28.4225
29.0046
28.6672
28.6474
28.9952
28.6551
28.7204
28.6376
28.6561
28.6048
28.5945
28.3408
28.7875
28.6042
28.9386
28.5515
28.6625
28.6997
29.0417
28.9486
28.4442
28.8351
28.8618
28.6576
28.9406
28.4744
28.706
28.6758
28.5645
28.7223
28.8361
29.1169
28.7953
28.9602
28.7028
28.5453
29.1084
28.5061
28.9203
28.2603
28.7316
28.3939
28.3934
29.0395
28.7511
29.2797
28.7494
28.8349
28.7108
28.5668
29.0849
28.9109
28.9342
28.8245
28.5973
28.6971
28.9874
29.0347
28.8746
29.3402
29.1238
28.395
28.5757
28.8754
28.782
28.9245
28.7968
29.1122
28.7241
28.7105
28.8656
29.2472
29.011
28.7392
29.0785
28.7046
28.8011
28.486
28.3877
28.9186
28.6324
28.6564
28.6596
28.8391
28.6318
29.1085
28.8906
28.8735
28.8699
28.7886
28.9861
29.1711
28.5563
28.484
28.2632
28.8452
28.9689
28.6377
28.6918
28.7826
28.9631
28.9138
28.8564
28.9353
28.6522
28.208
28.5208
28.4232
28.6868
28.6538
28.5366
28.6762
28.966
28.6691
28.2355
28.4072
28.3621
28.7172
28.5069
28.5439
28.882
28.3469
28.8483
28.8111
28.755
28.6532
28.6937
28.5455
28.9553
28.7251
28.4901
28.7631
28.8308
28.4877
28.6836
28.9207
28.5425
28.7945
29.0088
28.9137
29.0107
28.8163
28.4212
28.676
28.7503
28.9745
29.2265
29.2277
28.9438
28.7752
28.8539
28.6233
28.6953
29.0467
28.7982
28.9638
28.6715
28.678
28.9946
28.9473
28.9509
28.699
28.3508
28.9523
28.7412
28.6218
28.7995
28.7412
29.3536
28.9695
29.0498
28.6593
28.7743
29.0297
29.1234
29.0941
28.7447
28.9946
28.6734
28.9175
28.9426
28.6185
28.6765
28.6673
28.4838
28.7327
29.0052
28.4389
28.7277
29.2705
28.6347
28.4146
28.7282
28.8982
28.9516
28.7641
28.805
29.097
29.0624
28.6691
29.0073
28.3239
28.7851
28.905
28.7924
28.9028
28.3252
28.6465
29.0722
28.7916
28.709
28.738
28.7734
28.9603
28.7489
28.4017
28.8184
28.5542
28.9116
28.9908
28.6574
28.7377
28.4659
28.9724
29.116
28.9299
28.6567
28.6739
28.4388
28.4203
28.6235
28.7235
29.0916
28.6844
28.8075
28.4482
29.0314
28.5907
28.6458
28.6123
28.7777
28.6087
28.7725
28.3745
28.752
29.2311
28.8615
28.9574
28.7626
28.9025
28.7603
28.7034
28.7482
28.8413
29.0126
28.533
28.409
28.8737
28.5547
28.7283
28.3324
28.5929
28.7431
28.8737
28.7033
28.4284
28.6278
28.7635
28.5071
29.082
28.8807
29.064
28.6126
29.0078
28.6255
28.6168
28.7048
28.7489
28.6763
28.4201
28.8214
28.4654
28.8145
28.1935
28.8888
28.7497
28.8051
28.8805
28.5631
28.687
28.4579
28.5369
28.37
28.4621
29.017
29.1809
29.0938
28.7542
29.0925
29.1262
28.8707
28.9369
29.0201
28.9076
28.6602
28.7341
29.384
28.9193
29.3639
28.7688
29.0094
28.8063
28.7232
28.9704
28.8297
29.2768
28.9606
28.8
28.9296
28.9099
28.7072
29.0101
29.0479
28.5824
28.9267
29.0112
29.217
28.8972
28.7581
28.942
28.7238
28.8109
29.2286
28.9206
28.7746
28.9914
28.914
28.8031
28.9406
28.8455
28.8558
28.8986
28.7716
28.3607
28.8957
29.1955
28.8413
29.1716
28.7696
28.9709
28.9042
28.6719
29.1676
29.1688
28.9935
29.1782
28.9818
28.9483
28.72
28.9812
29.1398
28.9541
28.8641
28.8358
29.1192
28.9372
29.2211
28.8095
28.9679
29.0741
28.7787
29.0986
28.9645
29.0667
28.7808
29.1308
28.9129
28.5806
29.0111
28.4657
28.5761
29.109
29.1562
29.3948
28.963
28.9976
28.6922
29.1304
28.6818
28.6943
28.8655
28.7996
28.9957
28.8151
28.8528
29.0754
28.8702
28.8652
29.1515
28.9771
28.824
29.0786
28.8745
28.6435
28.9453
29.1981
29.0298
28.8046
28.8534
28.8245
29.1771
29.0174
28.7753
29.08
28.8602
29.0561
29.1273
28.8199
28.9245
28.7611
28.6064
28.6959
28.9871
28.8636
28.7081
28.7412
29.072
28.7794
29.0926
28.8473
29.0379
28.7295
29.0756
28.7236
29.0762
29.1579
28.7022
28.7761
28.8963
28.7243
28.8893
28.34
28.7011
29.1255
29.0844
28.9917
29.1392
28.9525
28.9413
28.8202
28.7545
28.855
28.6732
28.8771
28.6813
29.224
28.8727
28.6827
29.0327
28.8295
29.25
28.7908
29.1616
29.151
29.0857
28.746
28.485
29.2277
28.8104
28.8577
28.8412
29.1105
28.8253
29.0729
29.063
28.8645
28.9128
29.0452
28.7188
28.7749
28.9172
28.7628
29.0292
28.8271
28.9861
28.8392
28.8963
28.7643
28.8942
28.5785
29.0149
28.8356
29.1095
28.922
29.0891
29.2811
28.8191
28.9733
28.7377
28.883
29.0279
28.8318
28.7562
28.8683
28.8009
28.8422
28.7936
29.0235
29.0549
28.1796
28.5414
29.1424
29.0403
28.6427
28.4723
29.0153
28.8978
29.2329
29.143
28.7417
29.1291
28.8337
28.9763
28.7447
28.8707
28.8314
28.7193
28.6404
29.0711
28.7725
28.7586
28.8631
28.8396
28.7011
28.9886
28.9623
28.8177
28.7124
28.7291
28.9007
29.6135
28.9453
29.0039
28.8869
28.7385
28.7134
28.7872
29.2082
28.7316
29.1625
28.8492
28.9463
29.0783
28.8546
28.7526
28.6876
28.6082
29.1845
28.9889
28.8574
29.1476
29.1491
28.8088
28.6593
29.0011
29.1303
28.5929
28.8481
28.738
28.7269
28.7136
28.8419
29.3772
29.2049
28.6214
29.0117
29.1089
28.6462
28.8702
28.7927
28.7101
28.8481
29.2356
29.0165
29.2683
28.6293
28.7814
28.6385
29.1311
29.0158
28.592
29.1399
28.9446
28.5865
28.5987
29.0761
29.1231
28.9688
28.9758
28.9387
28.9793
29.0907
29.0037
28.8194
28.7406
28.4976
28.5308
28.7211
28.8147
29.1655
28.9504
29.0646
28.7546
29.2372
29.0765
28.6063
28.7299
28.6392
28.859
29.0666
28.5596
28.8228
28.5318
29.0513
29.034
29.1727
29.0815
29.0204
28.8224
29.3381
29.0725
29.0013
29.2924
29.3117
29.241
29.022
28.9828
28.9224
28.6331
28.7468
28.8844
29.2499
28.8676
28.6309
28.9579
28.8379
28.843
28.7642
28.76
28.7937
28.5655
28.4651
28.9103
29.1127
28.7111
29.1316
29.2321
28.9896
28.4532
28.9399
28.6632
28.64
28.5385
29.1419
28.9445
29.029
29.2615
28.5718
28.999
28.7766
29.0576
28.7399
28.9835
29.1084
28.857
28.862
28.5723
28.8185
28.4958
28.706
28.8271
28.9463
29.2167
28.5984
29.1201
28.7849
29.0523
28.7036
28.7022
28.7473
28.7323
28.608
28.8471
28.6665
28.8109
28.8793
29.0783
28.8712
28.8572
29.2225
28.9942
28.5678
29.4227
28.7348
28.9033
29.1299
28.4006
28.7193
29.2274
29.1295
28.8982
28.7044
28.4476
28.8613
28.7199
28.8296
28.7223
28.8557
28.885
28.9601
29.3027
28.8772
28.7986
29.2061
29.248
28.688
29.0885
28.892
28.5865
28.893
28.8767
28.8272
29.4901
28.1658
28.8953
29.2492
28.3432
28.547
28.8788
28.528
28.6486
28.587
28.8544
28.5329
28.5367
28.724
28.4386
28.7827
28.9446
28.5451
28.6282
28.6074
28.9157
28.6766
28.6522
28.3629
28.4056
28.8468
28.6366
28.5175
28.7996
29.1179
29.0409
28.6378
28.4892
28.7371
28.7562
29.0453
29.0815
28.9671
28.6647
28.8856
29.1863
28.8571
28.4706
28.7648
28.9091
28.5814
28.8591
29.1272
28.7138
28.5392
28.8111
29.0431
28.3761
28.7489
28.4471
28.9494
28.9023
28.6442
28.865
28.7152
28.4118
28.5294
28.7192
28.8112
28.9611
28.666
28.8446
28.8659
28.4967
28.7304
28.7041
28.6974
28.9859
29.1375
28.4604
28.7158
28.9913
28.6777
28.7497
28.3677
28.7932
28.9783
28.8314
28.7676
28.5622
28.9696
28.9843
29.0125
29.0153
28.825
29.3629
29.1176
29.0532
28.7314
28.7623
29.0975
28.4762
28.5491
29.0384
29.03
28.7632
28.7537
29.0265
29.0509
29.4043
28.3821
28.8828
28.9416
29.0328
28.5792
29.1386
28.8877
28.9438
28.7586
28.9053
28.6643
29.1057
29.2773
29.3188
28.9889
28.2713
29.208
29.0252
28.9157
28.8787
28.7722
29.08
28.8761
28.741
28.8034
28.8946
28.9928
28.8421
28.8335
28.7801
28.3085
28.8931
28.6794
28.7461
28.7167
28.7507
28.7245
28.71
28.6155
29.1934
29.1075
28.5524
28.896
28.9541
28.4573
29.4435
28.733
29.2583
28.8353
28.911
28.8127
29.1935
28.6064
28.9611
28.9624
29.2776
28.9039
28.757
28.8865
28.8003
28.924
28.7763
28.7433
29.1482
28.6993
28.8064
29.0028
28.7969
29.1
28.7209
28.5206
28.8831
28.6255
29.2419
28.9306
29.1423
29.027
28.9245
28.749
28.8089
28.9665
28.5679
28.9251
29.0118
29.0854
29.0584
28.6681
28.9589
28.6693
28.9493
28.8099
28.5588
28.8876
28.3267
28.6449
28.7235
29.013
29.2152
28.7549
29.0537
28.8787
28.8637
28.5707
28.622
28.9962
28.982
28.7007
28.6324
28.5736
28.723
28.9036
28.6995
28.6531
29.0428
28.7208
29.1855
29.2122
28.9198
29.0957
29.0177
29.1134
29.0022
28.3957
28.6852
28.837
28.4251
28.7355
28.5341
28.6854
28.8816
28.9157
29.0046
28.681
28.9969
28.8538
28.5482
28.8769
28.7765
28.7338
28.5776
28.6883
29.0904
28.9505
29.0598
28.8223
28.7379
29.2458
28.795
29.0624
28.6834
29.295
28.8772
28.6895
28.9783
28.9864
28.6429
28.353
28.7304
28.9425
29.0131
29.1502
28.8458
28.8419
28.979
28.7681
28.9848
28.6158
28.9611
28.5305
29.0414
28.8659
29.3404
28.7285
29.2192
28.4942
28.5163
29.0308
28.8255
29.196
28.6855
29.3559
28.7456
29.204
28.4197
28.66
28.8908
28.5786
28.2627
29.2748
29.0274
28.1389
28.7804
28.9008
29.2425
28.5597
28.9671
28.6321
28.479
28.7322
28.6107
29.0408
29.2307
29.0087
28.6967
29.0302
28.9115
28.6964
28.8794
28.7274
29.0213
29.1143
28.4763
28.9651
28.798
28.5996
28.7593
28.7648
28.935
28.804
28.9765
28.973
29.0961
28.6601
28.43
28.7544
28.3629
29.1213
28.6696
28.8354
28.6405
28.9937
29.0012
28.9727
29.28
29.014
28.6263
28.4411
29.417
28.6502
28.7476
28.7267
28.5424
28.8689
28.7942
28.8899
28.4159
29.0021
28.5543
28.8768
29.1277
28.7834
28.6048
28.6764
28.7323
29.024
28.8808
28.6785
28.757
28.575
28.3744
28.8869
28.753
29.1027
28.6485
28.6373
28.5159
28.8745
28.4763
28.3684
28.989
28.4642
28.4029
28.2636
29.1272
28.6913
28.9459
28.8848
28.8202
28.6363
28.6561
28.7327
28.8371
29.0659
29.2548
28.6971
28.9548
29.1465
29.2389
29.2727
28.9718
28.665
28.6776
28.6486
28.5626
28.6407
28.8762
28.6874
28.7374
28.8045
29.0689
29.0002
28.8709
29.1203
28.5531
28.8312
28.9856
28.5859
28.9339
28.6826
28.6673
29.0953
28.9293
28.8552
28.7772
28.8344
29.0244
28.9424
28.7409
28.4133
28.6189
28.8242
28.7554
28.5804
28.4354
29.4575
28.8913
28.9822
29.4522
28.7117
28.853
28.7031
28.7293
28.7501
29.1353
28.4505
28.724
28.8524
28.9563
28.6908
29.0813
29.1337
28.9635
28.8295
28.8135
28.8209
28.8819
28.7373
28.9083
29.2556
29.3622
28.9724
29.1682
29.1262
29.3305
28.9781
28.4523
29.059
29.0354
29.1015
29.3704
28.8153
28.8907
29.551
28.6915
28.4665
28.9209
28.9057
28.862
28.6839
29.0595
28.8026
29.0786
29.0272
29.0564
28.9349
28.8805
28.6328
28.5244
28.5288
28.4164
28.8354
28.7936
28.7843
28.6095
29.1205
28.9286
29.3162
28.7188
28.4395
29.0009
28.612
28.2766
28.8775
29.1925
28.6481
28.8953
28.8026
28.9133
29.0001
28.7428
28.9105
28.5563
29.0517
29.0866
28.735
28.8364
28.781
28.826
28.6859
28.5107
28.6386
28.7768
28.7815
28.8337
29.3484
28.8644
29.075
29.0152
28.632
28.7552
28.9035
28.6805
29.0791
28.6972
29.0646
29.0918
28.9758
28.8246
29.2088
28.6257
29.4104
29.0866
28.8207
29.039
28.9716
29.4045
29.2921
29.2541
29.3536
29.2026
29.0167
28.8052
28.863
28.8334
29.2783
28.906
28.8945
29.2585
28.9682
28.7654
28.9496
28.5136
28.8648
28.8204
29.017
28.9722
29.0179
28.8439
28.2865
28.7209
29.1117
28.8615
28.4687
28.4467
28.6414
28.5121
28.9171
28.5896
28.625
28.7008
28.6925
28.7599
29.2233
28.9239
28.7393
28.6438
29.0705
29.0044
28.3867
28.9121
29.2503
29.0774
28.5122
28.6763
28.9359
28.8207
29.1991
28.6186
29.1414
28.9829
28.9819
29.1376
29.1006
29.1844
29.0685
28.7534
29.0706
28.715
28.501
28.9129
28.7977
28.6501
28.4715
28.7877
28.7759
28.8151
28.952
29.0493
28.5632
28.4671
28.9953
28.4863
28.6043
29.0116
29.369
28.862
28.8965
28.6081
28.844
28.8018
28.7806
29.1206
28.948
28.9568
28.5168
28.743
28.5005
28.8113
28.3227
28.9127
28.5502
28.4343
28.3451
28.6741
28.4913
28.7197
28.5971
29.097
28.538
28.5805
28.2776
28.5865
28.8092
28.9608
28.671
28.7123
28.6591
28.8855
28.4601
29.1409
28.1073
28.8194
28.8863
28.7404
28.7547
28.5809
28.99
28.7431
29.2322
29.0064
28.7359
29.1497
28.9915
28.6184
28.8132
28.8657
28.5945
28.5926
28.5558
28.5864
28.7174
28.5103
28.6971
28.8322
28.7556
28.5687
28.8029
28.8932
28.5161
28.8488
29.0878
28.8234
28.899
28.8805
28.9672
28.723
28.4941
28.4417
29.1689
28.945
28.9477
28.6847
28.7634
29.2355
28.5864
29.029
28.9137
28.8402
29.3442
29.1982
29.0367
28.9877
28.7622
28.8246
28.957
28.7087
29.2156
28.8811
28.9383
28.7968
28.8488
28.9448
29.0828
28.7964
28.764
28.9975
28.8443
28.699
28.7296
29.204
29.035
29.1515
28.8191
28.7385
28.992
28.9243
28.7555
29.1137
28.3082
28.7099
28.66
28.4954
28.7225
