18.5892
18.4125
18.5357
18.4913
18.1382
18.5087
18.2286
18.306
17.9284
18.4221
18.7374
18.2983
18.3586
18.5456
18.227
18.2743
18.5151
18.0953
18.466
18.3524
18.7467
18.1401
18.3296
18.522
18.0881
18.1058
18.8444
18.5985
18.4288
18.1726
18.5827
18.1288
18.46
18.7523
18.409
18.7058
18.5719
18.4267
18.631
18.5775
18.8213
18.0371
18.3224
18.7342
18.5996
18.4124
18.6162
18.355
18.2572
18.369
18.7216
18.5809
18.484
18.3801
18.5818
18.4864
18.3304
18.6787
18.7789
18.3252
18.5685
18.2674
18.5458
18.3617
18.5451
18.459
18.5955
18.4247
17.9491
17.8922
18.345
18.1325
18.3132
18.0908
18.0983
18.4144
18.3965
18.3545
18.3742
18.2917
18.1137
18.4286
18.4408
18.4017
18.4805
18.1883
18.3649
18.2969
18.4366
18.5192
18.6404
17.9611
18.4655
18.4667
18.6003
18.2774
18.4479
18.1897
18.4485
18.5033
18.2193
18.2858
18.2709
18.2665
18.3761
18.2114
18.2913
18.5333
18.6238
18.5058
18.0585
17.8364
17.9633
18.2852
18.4733
17.8414
17.9993
18.1431
18.2221
18.2694
17.6191
17.7842
18.3551
18.3783
18.307
18.1183
18.4956
18.1708
18.4314
18.3478
18.3529
18.6608
18.5075
18.2917
18.6493
18.0855
18.3139
17.9671
18.6256
18.0373
18.1033
18.0931
18.2769
17.9879
18.5514
18.4052
18.0869
18.2054
18.6208
18.7107
18.6766
18.122
18.1401
18.5061
18.4422
18.5162
18.1156
18.2863
18.5224
18.4434
18.5154
18.0814
18.1504
17.7832
18.1081
18.3704
18.8194
18.3106
18.1909
18.1572
18.8111
18.7192
18.0962
18.2217
18.4942
18.3103
18.2818
18.0422
18.4924
18.808
18.2882
18.7133
18.5873
18.0061
18.1803
18.3952
18.475
18.1249
18.2642
18.5142
18.5183
18.0555
18.194
18.3977
18.2769
18.2019
18.1193
18.1019
18.0394
18.0947
18.1863
18.1319
17.9513
17.7714
18.4649
18.1075
18.2756
18.1595
18.1145
18.1309
17.7658
18.0732
18.0696
18.2195
18.1421
18.4093
18.2531
18.1845
18.6305
18.151
18.4525
18.3432
18.1982
18.6017
18.3416
18.082
17.9671
17.7746
18.3864
18.3229
18.296
18.5051
18.3753
18.581
18.4797
18.1775
18.4265
18.3169
18.7594
18.1417
18.5159
18.1162
18.3477
18.0603
18.465
18.315
18.6606
18.8136
18.0974
18.3578
18.334
18.4822
18.2176
18.253
18.4051
18.252
18.2617
18.8444
18.2323
18.5218
18.66
18.2809
18.3601
18.2454
18.1575
18.0999
18.4607
18.2155
18.7554
18.4386
18.6869
18.1582
18.2812
18.5907
18.6005
18.242
18.5283
18.1956
18.3801
18.4012
18.5365
18.4169
18.5826
18.2687
18.3729
18.5544
18.3696
18.2911
18.3017
18.4028
17.9831
18.1843
18.5564
18.1117
18.6481
17.9619
18.1862
18.1892
18.1213
18.2111
18.4466
18.3388
18.3089
18.127
18.1255
17.8597
18.2388
18.4978
18.2533
18.1514
18.0908
18.5412
17.9633
17.8814
18.2109
18.3076
18.4499
18.5632
18.3132
18.0779
18.2801
18.6564
18.3801
18.2514
18.093
17.9055
18.2643
18.5768
18.3825
18.531
18.3237
18.5181
18.3124
18.5078
18.5356
18.3479
18.1681
18.5845
18.3322
18.2356
18.6465
18.3152
17.9735
18.2735
18.0826
18.2529
18.2741
18.6041
18.5185
18.3769
18.0664
17.9907
18.4204
18.2523
18.1347
18.2644
18.378
18.2034
17.9948
18.103
18.4572
17.9397
18.6916
18.376
18.523
18.2389
18.2794
17.9966
18.5342
18.477
18.4988
17.9886
18.1747
18.6355
18.321
18.4854
18.2917
18.3959
18.3647
18.68
18.2684
18.6376
18.4125
18.2806
18.1583
18.2366
18.0478
18.0985
17.9755
18.1617
18.5118
18.6161
18.3643
18.5897
18.4707
18.137
18.3146
18.3262
18.2611
18.2198
18.4191
18.3493
18.3404
18.1764
18.5519
18.1339
18.0008
18.1974
18.4486
18.4976
18.3492
18.2169
18.5643
18.2117
18.5185
18.3235
18.6843
17.9118
18.1873
18.3706
18.1329
18.5011
18.1184
18.5578
18.2815
18.5608
17.9396
18.1899
18.1669
17.9471
18.1764
18.5189
18.6114
18.2251
18.095
18.2906
17.9273
17.7648
18.4476
18.249
18.5211
18.5904
18.3243
18.3
18.493
18.0437
18.0707
18.5072
18.8541
18.5124
18.1201
17.9542
18.054
18.6933
18.6539
17.9274
18.3391
18.227
18.4266
18.3931
18.3903
18.5239
18.1268
18.5219
18.2135
18.1795
17.8337
18.3434
18.2035
17.947
17.9807
17.9436
18.0972
18.0892
18.301
18.1435
18.4731
18.2654
18.3373
17.8526
18.5999
18.3323
18.4231
18.546
18.4501
18.287
18.2198
18.0524
17.7655
18.0572
18.1583
18.7375
17.6724
18.549
18.0574
18.0874
18.3019
17.7812
18.0397
18.379
18.1479
18.2826
17.7729
18.17
17.9172
17.8866
18.403
18.2716
18.0864
18.2488
18.1186
17.9511
17.9226
18.5013
18.2353
17.9134
18.176
18.2526
18.4125
18.4878
18.1397
17.7255
18.1654
18.0691
17.8565
18.451
18.1529
18.168
17.9825
18.0547
18.2167
18.411
18.083
18.4896
18.1487
18.3054
17.9859
18.1209
17.8404
18.0046
18.2052
18.5179
18.254
18.4243
18.2903
18.3552
17.8418
18.1583
18.2509
18.1648
18.2484
17.9342
18.2647
18.2712
18.0931
18.3416
18.0273
17.9146
17.8683
18.0132
18.2017
18.3239
18.1785
18.4077
18.5898
18.2875
18.1677
18.3127
17.9483
18.1126
18.0048
18.4481
18.3025
18.2467
18.3794
18.1051
17.9633
18.1686
17.6916
18.0284
18.0762
18.3886
18.1439
18.4154
18.6253
18.508
18.2037
17.8807
18.1291
18.4252
17.9413
18.5031
18.2017
18.2617
18.1426
18.5264
18.3645
18.6058
18.5826
18.5553
18.3841
18.4367
18.1646
18.0115
18.1777
18.5629
18.4411
18.2385
18.1894
18.2977
18.7201
18.2868
18.4088
18.0833
18.4385
18.5947
18.4845
18.4485
18.0565
18.0686
18.461
18.3455
18.3668
17.9777
18.4595
18.2057
18.5761
17.9352
18.5875
18.4633
18.2303
18.0739
17.795
18.2939
18.4173
18.079
18.0928
18.0153
18.1157
18.6151
18.7001
18.4015
18.8469
18.2354
18.5719
18.2481
18.3904
18.2785
18.2908
18.3189
18.4718
18.3583
18.0414
18.3454
18.6512
18.5317
18.3541
18.3869
18.3119
18.1965
18.1291
18.2746
18.2272
18.4479
17.9644
18.6493
18.1535
18.7252
18.4659
18.7084
18.0784
17.9015
18.0672
18.0493
18.0772
18.5618
18.496
17.9982
17.9968
18.2385
18.0923
18.153
17.9628
18.0511
18.1249
18.4585
18.1005
18.2009
18.1798
18.2839
18.0542
18.4812
18.4984
18.4072
18.132
18.0678
18.1526
17.7322
18.3902
18.188
18.1946
18.4436
18.4531
18.028
18.1398
18.4722
18.1331
18.2542
18.2394
18.2784
18.4519
18.2207
18.1361
17.9723
18.1941
18.4944
18.276
18.5301
18.1296
17.9334
18.2481
17.992
18.6279
17.9254
18.133
18.2126
17.894
18.2563
17.9946
18.4145
18.4282
18.2942
18.3536
18.133
18.0002
17.8986
18.2852
17.9751
18.2637
18.2105
18.7028
18.1227
18.1598
18.2543
18.2323
18.1175
18.2028
17.9341
18.322
18.1812
18.0033
18.2553
18.0751
17.9782
17.9592
18.5295
18.0641
18.397
18.4516
18.0239
18.3127
18.5737
18.1817
17.9591
17.7958
18.1324
18.4396
18.4558
18.4712
17.8656
18.2412
17.7163
17.8946
18.2172
18.3836
18.15
18.252
18.0361
17.9881
18.1035
17.935
18.1799
18.1396
17.4707
18.2642
18.7139
18.2531
17.9794
17.9735
18.2595
18.0774
18.209
18.3809
18.2979
18.2583
18.2723
18.2335
18.0491
18.0669
18.2939
17.761
18.3284
17.9326
17.7799
18.4911
18.4808
18.4441
18.1748
18.2312
17.8712
18.3522
18.3782
18.1651
18.0129
17.8722
17.9316
18.0891
17.6717
18.1532
18.4376
18.1119
18.3169
18.0479
18.1009
18.0197
18.1956
17.9517
18.0155
18.1538
18.2037
18.0048
18.3275
18.3409
18.1957
17.9894
18.2808
18.0857
18.4636
18.1701
18.1465
18.1164
18.2148
18.1154
18.1168
18.1561
18.4698
18.5275
18.2479
18.5081
17.9998
18.0707
18.1248
17.9283
18.0604
18.2563
18.0506
18.2336
18.2538
18.2703
18.0853
18.2307
18.2038
18.1396
17.9151
17.9372
17.9082
18.017
18.1877
17.9062
18.5719
17.8202
17.9919
18.1463
17.8754
18.26
18.2115
18.5081
18.0808
18.2874
18.3793
18.3506
18.1497
18.4932
18.208
18.1358
18.1969
18.0041
18.0783
17.9516
18.4525
18.0103
17.9595
18.5141
18.028
18.0597
18.1807
18.2915
18.2941
18.2961
18.251
18.196
18.1294
18.4112
17.8732
17.8003
18.1471
18.2499
17.9036
17.9191
18.6085
18.2812
18.2678
17.8363
18.122
17.8653
18.1059
18.0474
18.0148
17.9923
18.5234
18.2382
18.2625
18.1049
18.1104
18.3078
18.2411
17.889
18.1639
18.277
18.1051
18.2094
17.7072
18.2373
18.1045
18.0605
18.2713
18.2526
17.7697
18.3075
18.3809
18.2203
18.1259
17.8249
17.9675
17.7457
18.3523
18.1052
18.4642
18.1382
18.0954
18.282
17.9857
17.7928
18.7657
18.0058
18.0199
18.2124
17.914
18.6757
18.432
18.3191
18.341
18.0126
18.0604
18.131
18.1304
17.9365
18.0633
18.5307
18.0899
18.2923
18.2155
18.2224
18.1883
18.2493
18.2164
18.0496
17.8695
18.0483
18.3602
18.3788
18.5269
18.6043
18.3768
18.1469
18.1282
18.6253
18.5101
18.0644
17.9603
18.3553
18.1224
18.0247
17.9653
18.3829
18.3437
18.4697
18.5252
18.455
18.3192
17.8017
18.1992
18.3902
18.1298
18.2557
18.2915
17.9454
18.1864
18.6272
18.0857
18.5914
18.2703
18.8171
18.1236
18.179
17.959
18.3093
18.1107
18.3727
18.5421
17.9815
18.0858
18.3386
18.2331
18.2269
17.9502
17.9309
18.5582
18.4515
18.1953
18.3453
18.1206
18.2344
18.0181
18.523
18.7502
18.3495
17.7205
18.0195
18.404
17.8607
18.5823
18.1198
17.9789
18.5572
18.2802
18.1411
18.2776
18.2955
18.6047
18.3015
18.4101
18.5952
17.9239
18.1048
18.3069
18.2862
18.2663
18.3433
18.6703
18.3814
18.3574
18.4074
18.4874
18.0053
18.167
18.3171
18.3976
18.0282
18.2355
18.0999
18.4438
18.5455
18.3017
18.5311
18.4659
18.3645
18.4178
18.6528
17.8258
18.4551
18.2066
18.223
18.4537
18.3589
18.59
18.1526
18.219
18.5618
18.0476
18.2546
18.4484
18.3894
18.4689
18.4665
18.1106
18.1624
18.2104
18.4106
17.8717
18.5085
18.2529
18.023
18.239
18.4987
18.0706
17.9869
18.4578
18.2205
18.4659
18.3861
18.1761
18.017
18.6597
17.96
18.5138
18.2316
18.495
18.1096
18.515
18.4214
18.3079
18.4685
18.1503
18.3805
17.923
18.4078
18.2365
18.4803
17.9715
18.4757
18.4076
18.1549
18.554
18.6738
18.55
18.8199
18.1575
18.5461
18.2713
18.0703
18.2464
17.941
18.5546
17.9225
18.6256
18.2617
18.5506
18.1778
18.5424
18.6435
18.0676
17.7489
17.9858
18.3732
18.1371
18.2755
18.2448
17.9908
18.3831
18.4847
18.1398
18.0339
18.1987
18.1024
18.3752
18.263
17.6634
18.2202
18.5528
18.2492
17.9744
18.6347
18.0176
18.1216
18.0712
18.2606
18.5759
18.4395
18.26
18.5653
18.4842
18.545
18.7008
18.3114
18.7531
18.098
18.7779
18.208
18.4776
18.1537
18.4632
18.4371
18.241
18.4339
17.9796
18.6687
18.102
18.3369
18.1757
18.4275
18.2614
18.3136
18.3627
18.1326
17.916
18.3771
18.4483
18.4293
18.0523
18.344
18.098
18.2374
18.0406
17.9788
18.01
18.2594
18.494
17.7096
18.559
18.362
18.3816
18.3694
18.2999
18.1695
18.3724
18.4957
18.0538
18.2195
18.1653
18.0714
18.2456
18.3252
18.6529
18.1011
18.1195
18.3707
18.0965
18.2476
17.9446
17.9869
18.3884
18.608
18.3595
17.8842
18.317
18.2051
18.7576
18.2351
18.1746
18.2572
18.79
18.2156
19.0536
18.1129
18.3054
18.0548
18.2885
18.3582
18.0316
18.3308
18.1313
18.2453
18.4277
18.3279
18.103
18.2065
17.8042
18.6168
18.3969
18.0559
18.3947
18.0361
17.3875
18.2583
18.2095
18.1122
18.4332
18.5305
18.5601
18.322
18.399
18.1986
18.2346
17.9953
18.609
18.3378
18.152
18.2429
18.5495
18.2392
18.3699
17.9276
18.1411
17.8997
18.1572
18.2012
17.9733
17.9516
18.3311
18.1094
18.1566
18.0569
17.7941
18.6204
17.8387
18.1922
18.4079
18.1185
18.5951
17.9404
17.8169
18.2791
18.1006
18.0588
18.1921
18.0784
18.192
18.133
17.6985
18.2644
18.1338
18.1266
18.5824
18.0477
17.8975
18.0713
18.2732
18.1659
17.8607
18.2935
18.3137
18.4158
18.1352
18.1678
18.4027
18.1334
18.04
18.6004
18.3276
17.935
17.9341
18.0083
18.2626
17.9907
18.2443
18.1806
17.5841
18.3624
18.2312
18.2715
18.2884
18.1182
18.3207
18.4858
18.1193
18.0351
18.2487
18.3901
18.3205
18.0133
18.3183
18.3908
18.0472
18.3466
18.1318
18.4027
18.1163
18.4783
18.1211
18.1803
18.1554
18.3861
18.4244
18.0521
18.1396
17.9228
17.9746
18.678
18.6183
18.2645
18.137
18.0495
17.7556
17.792
18.2787
18.1022
17.8726
18.1935
18.462
17.9082
18.0547
17.7006
18.1824
17.9755
18.0457
18.2245
17.6469
18.0832
18.1865
18.2799
18.3856
18.4372
18.1652
18.3679
18.2378
17.6041
18.3543
18.6406
17.9919
18.0219
18.4898
18.4458
18.1116
18.2487
18.343
18.0669
18.33
18.0883
17.888
18.2056
18.0816
18.1595
17.9617
18.2134
18.4436
18.4516
18.4486
17.8395
17.9602
17.886
17.7562
17.8894
18.0833
17.8225
18.1011
18.207
18.3959
18.2128
17.5436
17.9893
17.9505
18.0611
18.1251
18.2394
17.9509
18.3741
18.0604
18.3805
18.5585
18.2169
18.2531
18.2041
18.3601
18.0425
18.2553
18.1022
18.2266
18.055
18.4227
18.5652
17.9856
18.1956
18.1992
17.3754
17.8531
18.0893
18.0961
17.9394
18.2801
17.9649
18.2723
18.1552
18.1808
18.3269
18.2937
18.1586
18.3993
18.2386
18.3078
18.1709
18.6976
18.3139
18.2102
18.3836
18.2969
17.9451
18.4433
18.4053
17.6654
18.2166
18.7941
18.284
18.2212
18.2171
18.4197
17.6011
18.2722
18.0771
18.7079
18.389
17.6772
17.8522
18.4109
18.0625
18.1426
18.1387
18.4167
17.9121
18.3419
18.2692
18.2382
18.0288
18.3616
18.3604
18.3539
18.0244
18.156
17.9812
18.1296
18.0585
18.1704
18.2147
18.5021
17.9101
18.2395
18.3699
18.2612
17.799
18.1557
17.8133
17.851
18.1365
18.3351
18.4208
18.159
18.2066
18.3487
18.0371
18.2168
18.0766
18.0729
18.2954
18.2408
17.7486
18.0958
18.1851
17.9588
18.2043
18.219
18.3192
18.1671
17.8921
18.1587
17.9274
18.2154
18.4691
17.7771
18.2221
17.9817
18.4083
18.0585
18.254
18.2619
17.7507
18.1954
18.5612
18.6284
18.6471
18.3191
18.0395
18.2332
18.3005
18.5547
18.059
17.7738
18.5423
18.19
17.9092
18.387
17.6855
18.0917
18.2723
18.0148
18.7974
18.4987
17.9874
18.5447
18.2529
18.1424
17.7846
18.3129
18.7897
18.2024
18.1024
18.3048
18.0131
18.4772
17.9682
18.0179
18.0611
18.3175
18.0019
18.5505
18.3471
18.0586
18.1823
17.9944
18.3369
17.945
18.3099
18.0411
17.9467
18.0929
17.9047
17.6288
18.1545
18.1927
18.3336
18.0848
18.0232
18.3736
18.3934
18.2193
18.3657
17.9807
17.8261
18.0535
18.4954
17.9485
17.9533
18.1344
17.7196
17.9311
18.099
18.2495
17.791
18.1306
17.8308
17.711
18.1844
18.3349
17.7682
18.3033
18.4891
18.236
17.9275
18.0091
17.9954
18.1363
18.2844
18.057
17.6987
18.0406
18.1958
17.985
17.7574
17.9604
17.6899
17.5846
18.0884
18.0449
18.2225
17.8717
17.6632
17.7235
18.1869
18.361
17.8891
17.5476
18.133
17.9761
18.3128
18.0606
18.0303
17.9094
17.8914
18.0018
18.2374
17.9423
17.9727
18.3045
18.1834
18.1859
17.9445
17.4761
18.1752
17.637
18.0107
17.6477
17.6909
17.8789
18.2657
18.0096
18.2509
18.0182
17.6135
18.1401
17.7176
17.6462
18.0606
18.1097
17.697
18.1832
17.7805
17.8994
18.0025
17.8868
18.1537
18.4002
18.3435
18.1144
18.324
18.0727
18.3566
18.382
18.302
18.3
18.6055
18.4084
17.7974
18.4753
18.0908
18.1343
18.5256
18.5767
18.1853
18.339
18.2451
18.196
18.2441
18.4913
17.7531
18.7311
18.0391
18.191
18.3072
18.4909
18.418
17.947
18.3293
17.9847
18.1831
18.4021
17.898
18.4726
18.6165
18.243
18.0656
18.3783
18.2683
18.1944
18.089
18.2519
18.1937
18.1872
18.0597
17.9301
18.4918
18.0243
18.0073
17.9693
18.4871
18.4853
18.4774
18.3498
18.5798
18.2612
17.8529
18.2704
18.1401
18.0353
18.3711
18.0597
18.2603
18.5579
18.1298
18.1132
18.3404
18.1872
18.4741
18.1909
17.9566
18.1565
17.8829
18.0924
18.2546
18.2127
18.2602
18.3276
18.0309
18.3853
17.9493
18.5258
18.2647
18.2273
18.1154
18.1221
17.8199
18.3102
18.5864
18.3247
18.3368
18.1101
17.8549
18.2997
18.1409
18.2162
17.9899
17.8776
17.712
18.3104
18.0545
18.5127
17.6603
18.1378
18.7907
18.2892
17.9455
17.9957
18.0768
18.0505
18.0936
17.9575
18.0625
18.2904
18.0768
18.4944
17.9945
18.0379
18.181
18.0168
18.1025
18.0953
18.2
17.9034
17.99
18.2606
17.663
17.7253
18.3252
17.5815
18.2069
18.299
18.0794
18.416
18.2725
18.2236
17.9701
18.0545
18.1962
18.2528
18.4978
17.7661
18.499
17.7935
18.077
17.8916
18.1974
17.7419
17.9627
18.4172
18.0237
18.3023
18.1967
18.4693
17.9791
17.6812
18.0943
18.0666
18.1867
18.2782
18.7102
18.0912
18.5493
17.9246
18.2726
18.5016
17.9698
18.3068
18.1952
18.8345
18.3423
18.1488
18.1708
18.2245
18.0509
18.3363
18.4085
18.2601
18.1764
18.456
17.881
18.0769
18.6115
18.452
18.0021
18.3808
18.0274
18.28
18.3131
18.2219
18.0922
18.5269
18.0928
18.2511
18.1044
18.2678
17.9782
17.9076
18.3692
18.3411
18.0326
17.9389
17.9555
18.7083
18.1575
17.9657
17.9889
18.1175
18.4905
18.3439
18.2319
18.3749
18.2749
18.2498
17.8389
18.1599
18.1061
18.0947
18.0628
18.2025
18.3026
18.1962
17.8936
17.7654
17.9822
18.2314
17.9555
18.1708
18.1315
18.1844
18.0243
18.1774
18.1822
18.0598
18.1941
18.1076
18.3817
17.9865
17.9825
18.1982
18.0764
18.3741
17.9556
18.4821
18.0841
18.3577
18.3496
18.1244
18.4354
18.5328
18.1358
18.3092
17.9754
18.1768
18.4236
18.4437
18.5325
18.319
18.4071
18.5645
18.1993
18.1011
18.7631
18.2547
17.999
18.2512
17.9142
17.7906
18.4053
18.1514
18.2338
17.7201
18.1128
18.8139
17.897
18.0133
18.3135
18.49
18.4207
18.0323
18.2273
18.0151
18.0277
18.4429
17.8802
18.0836
18.3535
17.8301
18.227
18.1668
18.3402
18.3128
18.0717
18.0475
17.8727
18.3997
18.2652
18.5788
18.1638
18.1854
18.3617
18.0648
18.3468
18.1471
18.1936
18.4789
17.8345
18.1164
18.5165
18.2851
18.241
18.4505
18.0377
18.4795
18.1359
18.295
17.7941
18.0707
17.9652
18.1405
17.7257
17.8796
17.9088
17.484
18.0305
18.1693
18.3144
18.2547
18.3326
18.0731
17.7817
18.0356
18.0606
17.8379
18.0503
18.1896
18.1267
17.9916
18.4149
17.8778
18.4781
17.9325
17.8602
17.9356
17.78
18.2799
18.4686
18.2061
18.0966
18.2701
17.9738
18.32
18.0888
18.2488
18.2227
18.1879
18.1493
18.2078
18.1151
18.1487
18.0503
18.1157
17.8997
17.5202
17.6862
17.8947
18.0486
17.9882
18.251
17.8515
18.457
17.9214
17.8236
17.9609
17.9841
18.687
18.1801
18.1468
17.843
18.1043
18.2086
17.9955
18.2253
18.2426
18.2562
18.303
18.0812
18.0521
18.3325
18.3397
18.2278
17.9784
18.4539
18.188
18.6953
18.0735
18.2285
18.2869
17.8648
18.2551
18.1915
18.1825
18.476
18.4505
18.8408
18.0277
18.3424
18.6535
18.405
18.452
18.7999
18.3736
18.5941
18.2403
18.2488
18.1237
18.4802
18.229
18.2302
18.164
18.3538
18.6486
18.3341
18.7408
18.3985
18.8614
18.6977
18.1752
18.13
18.5518
18.2891
18.6545
18.1008
18.3292
18.3717
18.376
18.0269
18.3367
18.1693
18.0691
18.454
18.4191
18.0331
18.1485
18.0352
18.4057
18.1224
18.4739
18.5481
18.4305
18.8067
18.6199
18.0389
18.3434
18.5506
18.7327
18.0443
18.4406
18.6136
18.4248
17.9111
18.2033
17.9613
18.2209
18.3832
17.9957
18.0471
18.5618
18.0422
18.5507
18.2505
18.5432
18.0896
18.1586
18.3867
18.1791
18.1547
18.3257
18.4635
18.3705
18.5473
18.0864
18.0673
18.2743
18.1734
18.4018
18.3109
17.9532
18.1229
18.3486
18.4778
18.1534
18.1782
18.4544
18.5049
18.0276
18.0569
18.4183
18.108
18.365
18.7704
18.7076
18.4001
18.1209
17.9734
18.3908
18.234
18.3081
18.3543
18.003
18.1932
18.4258
17.8756
18.1325
18.0166
18.5549
18.1116
18.0022
18.3626
18.4865
18.4051
18.0765
18.3564
17.5936
18.2097
18.33
18.2608
18.3975
18.6442
18.2589
18.6158
18.0273
18.2828
18.4359
18.4952
17.9312
18.1819
18.1831
17.8867
18.5868
18.2049
18.163
18.1649
18.4336
18.435
17.9874
18.443
18.6784
18.2115
17.996
18.693
18.4695
18.5574
18.0422
18.2277
18.3713
18.5058
18.3808
18.1732
18.0134
18.473
18.2214
18.2657
18.1474
18.1462
18.3561
18.0963
18.2323
18.3102
18.1276
18.0322
18.5284
18.1891
18.3705
18.3392
18.1083
18.173
17.9849
18.1447
18.1055
17.892
18.4542
18.1231
17.8739
18.1181
18.2722
17.8159
18.4048
18.5051
18.3504
18.1949
18.4985
18.3233
18.2101
18.0463
18.3563
17.9742
18.2934
18.4291
18.2776
18.3173
17.943
18.1678
18.6634
18.1456
18.5192
18.2382
18.2677
18.2136
18.0471
18.3849
18.4849
18.6433
18.7014
18.267
18.2229
18.2754
18.172
18.5398
18.4549
18.6799
18.6126
18.5202
18.6032
18.2901
18.2684
18.4167
18.0683
18.615
18.6443
18.3145
18.4801
18.3906
17.8329
18.2881
18.5546
18.1737
18.2127
18.1656
18.0969
18.6439
18.5588
18.8853
18.1365
18.5827
18.4582
18.2792
18.6071
18.5054
18.3101
18.0868
18.6894
18.2921
18.5051
18.3704
18.748
18.6337
18.3061
18.3983
18.0588
18.3289
18.1378
18.3991
18.5147
18.7405
18.5047
18.6137
18.6311
18.4363
18.4098
18.3733
18.5475
18.4778
18.5166
18.5195
18.6339
18.3361
18.6755
18.4498
18.3743
18.5645
18.3998
18.378
18.2796
18.2956
18.3113
18.2203
18.1984
17.8905
18.2753
18.1788
18.2786
18.2478
18.1364
17.6039
18.4501
18.19
18.0443
18.1672
18.4756
18.1687
17.8384
18.1479
18.5973
18.0367
18.2922
18.1051
17.9505
18.1581
18.1508
18.5838
18.1624
18.0071
17.7708
18.0125
18.275
18.4029
17.8535
18.2498
17.8827
18.4288
18.0721
17.7717
18.0672
18.1882
18.3829
18.1032
18.1884
17.9646
18.3193
18.6511
18.2029
18.4168
17.9061
18.2231
18.0878
17.8956
18.4305
17.8605
17.8543
18.1503
18.174
18.1641
18.5
18.5345
18.1837
18.2895
18.2
17.9947
18.4153
17.908
17.8441
18.1413
18.5616
18.3012
18.011
17.9358
18.5915
17.9952
18.4192
18.1876
18.5489
18.4114
18.1279
18.5205
18.1081
18.4998
18.573
17.8384
18.3542
18.162
18.4278
17.9859
18.7165
18.1368
18.2944
17.9733
17.883
18.1297
17.9714
18.8436
18.2322
18.1908
18.2535
18.0911
17.9926
18.3902
18.3148
18.4359
17.9488
17.9862
18.2047
18.1294
18.2207
18.0097
18.3708
18.5186
18.1505
18.0796
18.25
18.3251
18.2656
18.7119
17.8543
17.8022
18.4389
18.3788
18.3588
18.4528
18.3688
18.6061
18.1697
18.0726
18.5217
18.5356
18.0046
18.2903
18.4993
18.5256
18.2709
18.0909
18.1043
18.1993
18.5429
17.9072
17.9003
18.06
18.4252
18.3912
18.328
18.4731
18.86
18.5297
18.3715
18.4618
18.4954
18.1829
18.0717
17.9954
18.7669
17.946
18.0501
18.5353
18.4303
18.2309
18.2698
18.5344
17.9917
18.1881
18.2802
18.1599
18.3808
18.1866
18.349
18.3953
18.4818
18.527
18.1233
18.3046
18.0273
18.3823
18.0593
18.0504
18.8308
18.1266
18.3617
18.207
18.0591
18.5306
18.2489
18.1992
18.044
17.9114
18.1012
18.3181
18.3053
17.6122
18.0752
18.7544
18.4562
18.0943
18.0671
18.3239
18.5185
18.0494
18.5275
18.1617
18.2239
17.9858
18.5956
18.3366
18.6415
18.042
18.2889
18.4247
17.9844
18.6548
18.7977
18.473
18.4295
18.7035
18.1314
18.3786
18.3988
18.249
18.254
18.1304
18.9547
18.2483
18.1453
18.3043
18.1869
18.0266
18.5814
18.0928
18.2684
18.486
18.188
18.4182
18.4679
18.1709
18.7318
18.3866
18.626
18.1912
18.6139
18.6051
18.2395
18.5575
18.2329
18.2015
18.3297
18.319
17.9266
18.4328
18.3225
18.5364
18.5539
18.3609
18.2623
18.1377
18.1228
18.1838
18.3763
18.1066
18.3303
17.7737
17.957
18.1452
18.0761
18.5534
18.7512
18.2317
18.7327
18.0908
18.259
18.3669
18.4174
18.1398
17.9933
18.0139
18.3137
17.9435
17.7537
18.3072
18.3619
18.3715
18.353
18.1902
18.4209
18.4198
18.2167
18.1774
18.5449
18.5953
18.1601
18.2857
18.547
18.4646
18.4199
18.2351
17.9185
17.647
18.2967
18.4133
18.5514
17.8412
17.772
18.4168
18.3643
17.8503
18.0226
18.0676
18.4558
18.3937
18.1793
18.2714
17.8488
18.4447
17.9054
18.0712
17.9724
17.7198
18.3973
18.1201
18.5927
18.3655
18.3251
18.2219
18.4711
18.0548
18.4497
18.4883
18.0068
18.0509
18.1272
18.2275
18.4579
18.4578
18.5356
18.6001
18.0337
18.3062
18.4058
18.3063
18.6267
18.1414
18.1344
17.6889
17.7878
18.0734
18.106
17.9379
18.4895
18.2168
18.2815
18.1095
18.3771
18.0114
18.3934
18.3637
17.8152
17.7381
18.3434
18.0252
18.5071
18.0734
18.0866
18.4135
18.2571
18.1906
18.1469
17.88
18.2072
18.2275
18.0503
18.4771
18.2756
18.248
18.0058
18.3472
18.2645
17.7992
17.908
18.1777
17.583
18.1167
18.3536
17.9255
18.0887
18.2931
18.2211
18.2636
18.0548
18.0382
18.029
17.9058
18.3742
18.1768
18.2206
18.3368
18.5138
17.8954
18.3212
18.3044
17.9967
18.1315
17.678
17.8256
18.0957
17.845
18.1102
18.1531
18.2216
18.2057
18.6409
18.6502
18.3523
18.4656
18.4304
18.1686
18.7468
18.4673
18.1634
18.3402
18.7876
18.4204
18.1909
18.5235
18.0479
18.3478
18.5034
18.1649
18.569
18.3136
18.2242
18.6497
18.2841
18.2726
18.7454
18.5439
18.15
18.5478
18.6871
18.4716
18.2178
18.5218
18.2978
18.4262
18.3413
18.387
18.4692
18.0745
18.2773
18.3377
18.3165
18.5797
18.2535
18.2286
18.398
18.6792
18.6082
18.408
18.6008
18.056
18.2912
18.2204
18.3994
18.3725
18.2689
18.1956
18.4769
18.5304
18.7069
18.0904
18.4005
18.6461
18.6472
18.0635
18.2819
18.0644
18.1488
18.0158
17.9799
18.0965
18.1807
17.8172
18.2862
17.9573
18.0132
18.2076
18.0152
18.543
18.0803
18.1084
18.4428
18.1291
17.872
18.1968
18.5678
18.4774
17.8083
17.6113
18.1836
18.2963
18.0121
18.3039
18.4454
18.5259
18.1828
18.2045
18.3406
18.3365
18.0678
18.1695
18.3659
17.9888
17.692
18.1345
18.0531
18.6921
17.9148
17.8891
17.9431
18.0097
17.8562
18.434
18.0487
18.1025
18.3979
17.7522
18.7703
18.2353
17.9677
18.5372
18.3148
18.2621
18.3638
18.0743
18.0825
17.9705
18.321
18.3061
18.0752
18.2213
18.5385
18.3108
18.2719
18.3316
18.1628
18.3628
18.4392
18.0586
18.1944
18.3889
18.2816
18.3969
18.0692
18.5369
18.1558
18.1906
18.304
18.6772
18.0012
17.9996
18.0195
18.0126
18.2467
18.4607
17.7505
18.1778
18.4603
18.315
18.3487
18.4277
18.2139
18.8874
18.2213
18.2063
18.4156
18.2306
18.3407
18.4118
18.4894
18.0214
17.8924
18.0669
18.0956
17.8053
18.4379
18.2006
18.1966
18.5809
18.0276
18.4898
18.1902
18.8821
17.989
18.4169
18.1928
18.5694
18.5101
18.2224
18.1308
18.2969
18.5379
18.3715
18.3352
18.3261
18.3522
18.2606
18.4643
18.0278
18.614
18.277
18.3427
18.483
19.0296
18.2698
18.2111
18.2253
18.2137
17.9758
18.6739
18.4076
17.8538
17.8854
18.4544
18.3068
18.6326
18.4286
18.663
18.3639
18.3178
18.1689
18.6571
18.4252
18.2292
18.3048
18.2718
18.0328
18.4955
18.2492
18.4512
18.4472
18.3233
18.0465
18.3205
17.7771
18.3415
18.4187
18.5385
18.2458
18.8211
18.1698
18.1523
18.5035
18.1189
18.451
18.407
18.4861
18.2762
18.567
18.3166
18.4286
18.0574
18.1658
18.3133
18.4287
18.2046
18.2841
18.4061
18.1641
18.7168
18.6311
18.7796
18.2461
18.003
18.5862
18.6593
18.1067
18.2571
18.4187
18.4971
18.7717
18.5677
18.3612
18.3519
18.662
18.1416
18.169
18.5031
18.3323
18.4734
18.295
18.201
18.3163
18.2927
18.4909
18.3616
18.3196
18.2255
18.3562
18.1467
18.8795
18.3924
18.8369
18.391
18.3707
18.1004
18.6004
18.3905
18.5429
18.3166
18.2447
18.4552
18.6126
17.9811
18.0848
18.2927
18.2823
18.4672
18.0577
18.1708
18.5001
18.1857
18.2325
18.4169
18.4563
18.5191
18.2036
18.4985
17.8927
17.8629
18.5676
18.3828
18.296
18.5584
18.3016
18.3808
18.3609
18.2835
18.1722
18.1643
18.2974
18.2755
18.2729
18.4086
18.3501
18.5159
18.4424
18.3129
18.4007
18.2176
18.0794
18.5033
18.7111
18.1452
17.953
18.4442
18.2069
18.2496
18.4996
18.3621
18.3542
18.706
18.7004
18.0386
18.2868
17.9086
18.1809
18.2189
18.6698
18.0589
18.2052
18.6579
17.6822
18.2259
18.3924
18.4558
18.4916
18.88
18.2962
18.04
18.5422
18.0306
18.4015
18.3605
18.556
18.6761
18.3844
18.4063
18.392
18.2828
18.7272
18.0948
18.4258
18.6219
18.2996
18.1778
18.2065
18.4186
18.3592
18.7296
18.3554
18.4989
18.0619
18.1947
18.479
18.1481
18.7833
18.2003
18.1548
18.2554
18.3931
18.3411
18.0514
17.9596
18.2295
18.2879
18.5762
18.5657
18.2933
18.5994
18.0826
18.4193
18.2763
18.2418
18.5331
18.7971
18.3956
18.9362
18.2028
18.2245
18.3868
18.3825
18.4653
18.5627
18.3466
18.5494
18.6269
18.1229
18.0841
17.7681
17.784
18.4215
18.0937
18.5736
18.5206
18.0122
18.2069
18.3084
18.0824
18.5436
18.6427
18.3836
18.4744
18.266
18.3034
18.2224
18.0428
18.6644
18.5507
18.5851
18.2744
18.3812
18.0756
18.212
18.2956
18.3153
18.1933
18.1177
18.0518
18.2134
18.4311
18.3269
18.1822
18.2852
18.3918
18.5188
18.0717
18.431
18.3752
18.4076
18.4482
18.7747
18.1285
18.1409
18.0885
18.3846
18.4177
18.1077
18.2187
18.5312
18.3873
17.9007
18.4284
18.4077
18.1552
17.9434
18.2062
18.394
18.4051
18.2242
18.4875
18.1228
18.3244
18.0318
18.0527
18.5037
18.2319
18.0033
18.293
18.0198
18.1378
18.3167
18.2885
18.0826
18.267
18.3549
18.5307
18.2014
18.0093
18.1571
18.0905
17.9384
18.0964
18.6865
18.3097
18.1779
17.9596
18.5181
18.0966
18.4647
18.1149
18.3964
18.1276
17.7192
18.5505
18.3339
18.1729
17.9852
18.1063
18.2937
17.9244
18.1217
17.8846
18.3113
18.11
18.208
17.8757
18.2402
18.1024
18.0127
18.063
18.6094
18.1891
18.3916
18.3886
18.1135
17.9592
17.6792
18.0757
18.1052
18.4292
18.5413
18.4183
18.612
18.8421
18.4522
18.2575
18.4404
18.1888
18.305
18.4196
18.4663
18.4274
17.8754
18.4668
18.374
19.0583
18.5643
18.431
18.2706
18.5567
18.1731
18.4895
18.0693
18.1591
18.4595
18.3608
18.0328
18.3622
18.6788
19.0873
18.3302
18.2899
18.4846
18.2837
18.2414
18.2092
18.3846
18.4649
18.378
18.3059
18.3805
18.2945
18.2557
18.4789
18.4861
18.4784
18.3971
17.8691
18.309
18.3152
18.2947
18.1871
17.9661
18.4351
18.4487
18.237
18.2133
18.4505
18.4634
18.0174
18.4778
18.7224
17.9466
18.1701
18.6626
18.2016
18.0927
18.3385
17.9349
18.3609
18.5569
18.3864
18.18
18.3634
18.2007
18.0618
18.0907
18.4697
18.188
18.2302
18.2441
18.4939
18.3285
18.4362
18.3811
18.4411
18.013
18.3894
18.4046
18.1517
18.5353
18.162
18.5375
18.1156
18.2101
18.1628
18.2248
18.2292
17.9381
18.6175
18.3477
18.2888
18.0657
18.1994
18.5169
18.1559
18.3518
18.1738
18.3199
18.3332
17.9905
18.4119
18.2623
17.8883
18.5079
18.0102
17.7905
18.235
17.9873
18.4286
18.5133
17.976
18.0516
18.3851
18.4072
18.3447
18.2847
18.1639
17.7582
18.0587
18.2458
18.021
17.9921
18.1243
18.4293
18.4484
18.2618
18.3382
18.2529
18.2786
18.2171
18.0354
17.7212
18.2386
18.5279
18.3053
18.3686
17.8959
18.063
18.122
18.1536
18.3879
18.2721
17.7993
17.8956
18.3462
18.2126
18.0702
18.2711
18.3641
17.732
18.1863
18.5843
18.1378
18.1786
18.45
18.1828
18.4053
18.7979
18.602
17.8981
18.3462
18.2579
18.4637
17.9925
17.9519
18.1206
18.0778
18.1933
18.2103
18.4298
18.1591
18.088
18.5223
18.6364
18.3615
18.0575
18.231
18.4947
18.5816
18.3014
18.3237
18.1028
18.1748
18.1404
17.8701
18.3347
18.0425
18.1346
18.452
18.5696
18.1253
18.0939
18.2537
18.309
18.4866
18.1566
18.1831
18.3949
18.1325
18.1146
18.2783
18.6974
17.9534
18.1053
18.2253
18.3846
18.671
18.758
18.5549
18.7122
18.4538
18.6273
18.4801
18.9116
18.1676
18.3438
18.6601
18.4102
18.3734
18.4065
18.3167
18.1748
18.4778
18.9292
18.3788
18.3601
18.4084
18.2946
18.3744
18.5964
18.2772
18.1831
18.738
18.6302
18.4841
18.1265
18.108
18.1579
18.1219
18.4969
18.8187
18.395
18.5644
18.3715
18.5675
18.1202
18.4401
18.2309
18.4341
18.6441
18.2959
18.328
18.448
18.5013
18.2666
18.4492
18.2456
18.5401
18.2998
17.8843
18.1534
18.0412
18.3254
18.4646
18.3894
18.0807
18.0879
18.0639
18.3096
18.28
18.4036
18.2608
18.4932
18.1638
18.5273
18.2899
18.3039
17.8645
18.077
17.8531
18.1704
18.2715
18.1165
18.0341
18.1558
18.3156
17.9152
17.822
18.1714
18.2181
18.2818
18.2193
18.1578
18.2342
18.4561
18.3298
18.2406
18.6462
18.262
17.8476
18.3712
17.9152
18.3515
18.3266
18.1508
18.2536
18.2575
17.9609
17.9226
18.3389
18.042
17.8078
18.2367
18.255
18.1434
18.2333
18.3386
18.069
17.9128
18.3215
18.4437
18.0554
18.2965
18.1668
18.0825
18.4442
18.3587
18.1494
18.1571
18.2314
18.0348
18.0853
17.9162
18.2647
18.3588
18.3476
18.0623
18.0087
18.2458
18.2063
18.0774
18.2706
18.2556
17.9044
18.1682
18.1818
18.1864
18.6166
18.2873
17.7894
18.024
18.52
18.5849
17.8654
17.9206
18.0495
18.4512
18.4528
18.6859
18.1421
17.9365
18.6049
18.7175
18.0048
18.4479
18.6403
18.7641
18.5417
18.1285
18.2585
18.3378
18.5391
18.1663
18.34
18.7477
18.6136
18.5153
18.6133
18.3854
18.5367
18.0754
18.3122
18.7531
18.323
18.9754
18.2766
18.3371
18.4152
17.9339
18.5118
18.0946
18.5989
18.1035
18.2903
18.381
18.4915
18.3671
18.1905
18.2779
18.3984
18.2243
18.5332
18.1477
18.5753
18.3021
18.3036
18.4031
18.3096
17.8149
18.1259
18.1865
18.2119
18.3441
18.252
18.3619
18.4077
18.185
18.5475
18.0772
18.6435
18.359
18.4559
18.5381
18.2408
18.2167
18.271
18.2349
18.0947
17.9621
17.8488
18.2972
18.1876
18.163
17.7602
18.2573
18.1596
18.379
18.7121
18.162
18.5185
17.8928
18.2739
17.6537
17.989
18.2194
18.2733
18.2162
18.1805
18.065
18.1947
18.1236
18.0919
18.1133
17.8862
18.3078
18.0485
18.0651
18.4163
18.5154
18.3883
18.3298
17.79
18.3484
18.4189
18.3174
18.0033
17.9273
18.1799
18.1718
18.2872
18.1818
18.1591
18.186
18.59
18.5061
18.5516
18.1917
18.6977
18.549
18.3987
18.0498
18.2867
18.328
18.6049
18.2618
18.351
18.3498
18.3208
17.9334
18.3574
18.2558
18.5018
18.436
18.4797
18.5833
18.2657
18.4721
18.3565
18.2079
18.3336
18.4077
18.2784
18.314
18.0752
18.1977
18.4808
18.2845
18.5465
18.7326
18.5919
18.1402
18.3953
18.3838
18.1703
18.1421
18.3822
18.4774
18.2796
18.2306
18.1602
18.5443
18.6538
18.4872
18.6788
18.3859
18.2872
17.8797
18.055
18.6319
18.6696
18.428
18.306
18.342
18.5065
18.4233
18.2939
18.7346
18.3563
18.5021
18.1823
18.4933
17.9347
18.2494
18.6897
18.4382
18.6142
18.0481
18.0704
18.3613
18.3047
18.0481
17.8141
18.1365
18.3462
18.1643
18.4879
18.2647
18.2343
17.9206
18.2874
18.43
18.2284
18.1497
18.0352
17.7723
18.1222
18.0296
18.02
18.3557
18.0911
18.298
18.1484
17.6796
18.2268
18.2573
18.3467
18.0101
18.0932
17.8691
18.207
18.0844
18.1422
18.5106
18.148
18.3065
18.0288
18.2763
18.2478
18.3929
17.8559
18.0393
17.9047
18.379
18.2089
18.2357
17.7594
18.1051
18.4846
18.3534
18.141
18.2961
18.2255
18.326
18.1647
17.9664
18.5578
18.5337
18.3842
18.075
18.1857
18.4149
17.9286
17.9428
18.0731
18.199
18.174
18.0184
17.6871
18.1885
18.0686
18.3855
18.6214
18.0349
18.3939
18.0332
17.9931
18.2023
18.4957
18.4606
18.3051
18.2038
18.3986
18.0237
18.539
18.1049
18.5733
18.547
18.3344
18.3264
18.518
18.6607
18.534
18.7695
18.5329
18.871
18.4107
18.6842
18.1279
18.1702
18.0917
18.7205
18.2772
18.3824
18.1229
18.0647
18.469
18.4668
18.8761
18.0939
18.2699
18.2733
18.5072
18.1969
18.6656
18.2532
18.3994
18.6032
18.3796
18.4871
18.355
18.6448
18.3964
18.2018
18.2165
18.4881
18.3429
18.0694
18.2749
18.5288
18.4485
18.4848
18.2408
18.43
18.0852
18.1877
18.3668
18.1966
18.4308
17.9074
18.2413
18.2142
18.0884
18.2571
18.2688
18.2869
18.4139
18.3997
18.5267
18.0151
18.0916
18.2772
18.1722
18.3412
18.6266
18.0958
18.4209
18.264
18.1519
18.1532
18.5563
18.198
18.2678
18.4538
18.4943
18.6292
18.2874
18.2764
18.5061
18.3917
18.3531
18.1792
18.0877
17.8836
18.0479
18.5023
18.5086
18.5231
18.0198
17.8811
18.1015
18.079
18.0315
18.3161
18.798
18.2779
18.2951
18.2913
18.2033
18.6244
18.397
18.5595
18.098
18.4568
17.9343
18.2888
18.6645
18.7149
18.1887
18.3025
18.0788
18.3472
18.3621
18.5555
18.0006
18.4038
18.2928
18.1488
18.5307
18.1058
17.8954
18.2482
18.5252
17.9691
17.9718
18.4193
18.4814
18.632
18.118
18.2446
18.384
18.7107
17.9897
18.1114
18.4357
18.5144
18.0237
18.2239
17.805
18.3206
18.2537
18.3697
17.9024
18.0949
18.2282
18.087
18.3824
18.4115
18.1064
18.2234
18.2222
17.8249
17.7362
18.1033
18.5062
17.9856
18.3032
18.0755
18.3529
17.9198
17.7683
17.9669
18.2329
18.3575
18.3024
17.7279
18.1649
18.2434
18.525
18.3623
17.9847
18.2865
18.1115
18.3056
18.0996
18.1738
18.3962
18.1669
18.2709
18.327
18.1943
18.2316
18.1119
18.2156
17.8665
17.7521
18.1084
17.9077
18.137
18.161
18.1316
18.4625
18.0359
18.3364
18.5465
18.2533
18.4149
18.0613
18.2523
18.0216
18.0844
18.197
18.3996
18.5449
17.9708
18.313
18.1192
17.9153
18.285
17.9451
17.9996
18.3688
17.9646
18.4333
18.2852
18.4998
18.3779
17.9565
18.1732
18.1903
18.052
17.9494
18.3319
18.254
18.3972
18.0288
18.1412
18.4019
18.1245
17.8549
18.0763
17.8215
17.8807
18.585
18.3907
18.2187
18.0255
18.0034
18.1253
17.8017
18.2955
18.1332
18.811
18.1697
18.1665
18.4598
18.0706
18.116
18.1233
18.0115
18.643
18.2654
18.0564
18.051
18.3549
18.0993
18.252
18.1873
18.1541
18.2865
18.2903
18.1354
18.3269
18.0699
18.2196
18.3396
18.382
18.1069
18.2221
18.1348
18.3883
18.3457
18.2545
18.6473
17.9535
18.4996
18.5094
18.3804
18.3255
18.2764
18.5413
18.3675
18.4365
18.3757
18.2312
18.3346
18.4846
18.1423
17.8599
18.7865
18.6293
18.3885
18.1075
18.0717
17.9045
18.2735
17.8847
18.3721
18.3925
18.3594
18.212
18.6655
18.0394
18.2501
18.1518
18.3884
18.5715
18.1228
18.1596
18.2565
18.2713
18.4682
18.067
18.1474
18.2644
17.9113
18.1906
18.1808
18.0755
18.0245
17.9092
18.3415
18.2574
17.894
18.3487
18.0639
18.3934
18.3923
18.1131
18.292
18.2101
17.9927
18.6122
18.4893
18.0743
18.3255
18.2517
18.2567
18.1037
18.3708
18.1126
18.6235
18.3119
17.6349
18.5178
18.0867
18.2232
18.3634
18.1166
17.9931
18.152
18.479
18.593
18.148
18.1288
18.4138
18.2046
18.2237
18.576
18.4705
18.4784
18.4361
18.497
17.6687
18.6297
18.2881
18.332
18.1566
18.4583
18.4044
18.2232
17.8709
18.0468
18.2277
18.3564
18.2285
18.241
18.1909
18.2293
18.1345
17.9981
18.2715
18.1869
18.4334
18.1287
18.3656
18.3107
17.8704
18.6041
18.1929
18.1166
18.3588
18.4246
18.5368
18.162
18.1247
17.9006
18.5289
18.4993
18.4653
18.2512
18.1102
18.3384
18.4355
18.2564
18.4831
18.2069
18.4007
18.4271
18.0737
18.106
18.3011
18.1888
17.7365
18.2947
18.4219
18.1939
17.9253
18.364
18.322
18.2973
18.2992
17.8999
18.1778
18.1423
18.1631
17.9248
17.8779
18.0262
18.3108
18.0759
17.837
18.3326
17.8365
17.9442
18.2655
18.1882
18.2393
18.3558
18.1689
18.3364
17.9913
18.7603
18.0709
18.3033
18.5674
18.1228
18.3298
18.2592
18.5626
18.537
18.525
18.4341
18.0379
18.7214
18.4654
18.3736
18.1553
18.1719
18.2321
18.5591
18.2445
18.5533
18.8721
18.1146
18.4913
18.1573
18.235
18.2766
18.4633
18.368
18.4704
18.0946
18.3766
18.3183
18.1952
18.1528
18.6108
18.0668
18.214
18.188
17.9809
18.4189
18.073
18.4577
18.4581
18.1954
18.113
17.9824
18.2045
18.0399
18.4106
18.2657
18.2313
18.1163
17.9149
18.1385
17.9606
18.5342
18.1545
17.9198
18.4582
17.6665
18.0473
18.0162
17.8565
17.9477
18.2622
17.89
18.0052
18.5014
18.723
18.1811
18.5261
17.8965
18.4308
18.148
18.4329
18.394
18.1167
18.3861
18.2425
18.2072
17.8613
17.9166
17.9277
18.1662
18.4991
18.4477
17.84
18.5744
18.5215
18.1128
18.3801
17.8974
18.1496
18.0313
18.1656
18.2902
18.4949
18.1885
18.1964
18.3978
18.3493
18.5642
17.6994
18.5578
18.7811
18.4699
18.4813
18.2153
18.5428
18.0889
18.4971
18.2794
18.181
17.9251
18.1742
18.401
18.2391
18.3865
18.4182
18.3039
18.3565
17.9331
18.1717
18.2602
18.0669
18.6776
18.6006
17.7513
18.1445
18.2009
18.0475
18.0675
18.0748
18.2103
18.8046
18.068
18.2333
18.4013
17.8347
18.0359
18.6291
18.3035
18.4461
18.1262
18.1602
18.3229
18.3359
18.4648
18.0414
18.5746
18.086
18.3961
18.4747
18.8754
17.9309
18.1527
17.8788
18.1543
18.1401
18.0143
18.2548
18.2083
18.4198
18.216
18.421
18.0433
17.9084
18.201
18.5276
18.3847
18.5362
18.257
18.3727
18.0924
18.4217
17.9653
18.3303
18.4437
18.4841
18.5444
18.2287
18.3386
18.758
18.4906
18.3208
18.4084
18.3728
18.4714
18.2278
18.2703
18.2933
18.4044
18.1836
18.1038
18.2173
18.4571
18.2561
18.4928
18.21
18.2557
18.1775
17.799
18.4835
17.8191
18.1663
18.0798
18.2124
18.0084
18.1301
18.1894
18.1565
18.4347
18.4041
18.0785
18.2763
18.0256
17.8485
18.2919
18.0845
18.2329
18.3798
18.1998
18.4504
18.1297
18.5283
18.5205
18.4425
18.222
18.3669
18.5325
18.4715
18.4478
18.3302
18.1586
18.4887
18.4393
18.4494
18.4589
18.0227
18.2458
18.2988
18.344
18.6474
18.4979
18.3108
18.394
18.6986
18.0567
18.3023
18.4735
18.1952
18.2159
18.1408
18.2693
18.2647
18.2944
18.4012
17.9002
17.7619
18.6464
18.5162
18.062
18.2653
18.482
18.1504
18.288
18.2175
18.5558
18.2218
18.1134
18.139
18.038
18.5083
18.3544
18.4775
18.6767
18.3521
18.3901
18.1809
18.4502
18.6942
18.7008
18.3198
18.3529
18.4751
18.4007
18.2931
18.391
18.3824
18.3034
17.6326
17.886
18.2981
17.7763
18.17
18.5149
17.4973
18.0341
18.1278
17.7486
18.3094
18.1722
17.781
18.2419
17.9941
18.2096
18.3843
18.1073
18.694
17.879
18.0932
18.1036
18.3238
17.9024
18.4555
17.9373
18.5415
17.9196
18.0885
18.1028
17.8996
18.2216
18.6194
18.283
18.2894
17.8912
18.2872
18.1105
18.3746
17.9474
18.0994
18.0359
17.8335
17.8619
18.3629
18.1775
18.0585
18.0764
18.2428
18.0149
18.3957
17.9173
17.9544
18.1043
18.1436
17.7121
18.2542
18.001
18.2829
18.327
18.0178
18.1286
18.4436
18.4177
18.5602
18.4886
18.2594
18.438
17.7979
18.8269
18.5441
17.9999
18.4023
18.4581
18.3498
18.5159
18.3946
18.3155
18.1452
18.3051
18.1997
18.3553
18.1633
18.0221
18.322
18.6777
18.3115
18.1942
18.5521
18.2856
18.6523
18.0346
18.1789
18.4536
17.9929
18.1489
18.2027
17.9705
18.0894
18.4967
18.6666
18.183
18.7074
18.1357
18.2082
18.4972
18.3429
18.182
18.3192
18.7039
18.3872
18.1084
18.2087
18.1474
18.2291
18.565
18.3351
18.3307
18.3066
18.3053
17.9808
17.9896
18.4944
17.9417
17.9111
18.529
18.0464
18.2881
18.1635
17.892
17.8275
18.1939
18.2191
18.2374
18.3405
18.2111
17.7926
18.0783
18.0389
18.3276
18.1848
18.4322
17.9415
18.1077
18.1605
18.4499
17.8258
18.1284
18.3156
18.1385
18.411
18.0298
18.114
18.5578
18.0599
18.2599
18.3295
18.2981
18.3484
18.3442
18.3207
18.339
18.1993
18.2438
18.2938
18.1347
18.1574
18.4835
17.9292
18.2516
18.282
18.4592
18.2957
18.0219
18.213
18.4001
18.3462
18.268
17.9753
18.133
18.158
18.1797
18.3106
18.4315
18.2985
18.319
18.4639
18.0975
17.9861
18.4041
18.1192
18.2129
18.1156
17.8486
18.3344
18.4689
17.8798
18.5843
18.1814
18.1815
18.6392
18.2242
18.1861
18.2025
18.3355
18.0651
18.45
17.9288
18.279
17.9043
