2.73554
3.38982
2.53142
2.76739
2.99454
3.12825
2.95693
3.01207
2.79789
2.57925
2.5467
2.83376
2.93978
3.33687
2.72504
3.27158
3.20118
2.94173
3.09953
2.87003
2.73755
2.77131
2.46174
3.39062
3.14507
2.6218
2.78228
2.70229
2.56763
2.58427
3.01265
2.67702
2.99553
3.00911
2.915
3.08708
3.07882
2.83677
2.89772
3.01002
2.64469
2.93778
2.68205
3.33574
2.95243
2.63085
2.81923
2.83364
2.85105
2.91179
2.69896
2.71799
2.96825
3.08943
2.58016
2.86058
2.63913
2.96601
3.01204
2.75489
2.6741
2.7689
3.1796
3.12212
3.01528
2.99104
2.42979
2.73371
3.04255
2.77937
2.6283
2.78488
3.07943
3.01661
2.61346
3.27127
2.5516
2.6895
2.82711
2.88446
2.83106
2.76098
3.16973
2.45946
2.56087
2.78218
3.09922
2.79431
3.17394
2.75798
2.68154
2.95462
2.70048
2.67372
3.09893
2.86967
2.8808
3.36594
2.87403
2.86842
2.66505
2.80181
2.39414
3.21884
2.83027
3.2133
2.38554
2.6411
3.07953
2.58154
2.9975
2.86818
2.36989
2.67404
3.01904
3.28164
3.15125
2.87491
3.05088
2.66707
3.11951
2.88642
2.67368
2.92457
2.53382
2.6481
3.11151
2.77827
2.85707
2.93469
2.75209
2.75507
2.97581
2.9436
2.73931
2.78242
2.97332
2.82709
3.17808
2.94328
2.78954
3.11665
2.76601
2.86904
2.56443
2.87875
2.72097
3.06371
2.04737
2.91012
2.90283
2.92295
3.01024
2.73854
2.47042
2.527
2.79583
3.00955
2.51773
3.16436
2.86911
3.08627
2.78715
3.21121
2.96733
2.95297
2.80991
2.60111
2.64705
2.78868
2.99996
2.56006
2.6808
3.04898
2.88277
3.02625
2.86176
3.06654
3.0939
2.62107
2.88018
2.5583
2.56953
2.9705
2.88581
2.6633
2.72177
2.75616
2.53317
2.93849
2.74774
2.26771
2.53047
2.9168
2.69791
2.94495
2.8131
3.00398
2.81051
2.53278
3.20342
2.71728
3.30812
2.8522
2.82337
2.75288
3.2762
2.44781
3.05498
3.33032
2.715
2.72768
3.33449
3.1675
3.04629
3.21418
2.71941
3.22838
2.63415
2.8199
3.0584
2.92278
3.0076
2.5678
2.95721
2.61057
2.99691
2.74902
2.66214
2.85789
3.12267
3.03059
2.69772
3.00833
3.43501
3.20094
2.93603
3.14374
2.90869
2.66026
2.93321
2.65598
2.82777
3.05564
3.22358
2.65966
2.66178
2.99277
3.09793
2.97696
3.16102
3.11111
2.57766
3.15122
2.96945
2.73389
3.0687
3.22918
3.08211
3.00707
3.14514
3.16405
2.92615
2.91834
2.72527
2.85018
2.84496
3.24715
3.25832
2.92114
3.24683
3.14952
3.09922
2.81824
3.22163
3.3582
3.0411
3.13182
2.95888
3.02706
2.92568
3.0989
2.89608
3.19865
3.33612
3.08039
3.0125
2.64066
2.8453
2.68354
2.94802
2.79679
2.85508
2.92674
2.51783
3.01395
2.74325
2.87572
2.68239
2.85183
2.6088
2.65773
2.83419
2.60086
2.88435
2.51558
2.73402
2.82181
3.03929
2.29621
2.82964
2.62575
2.84456
2.78004
2.82102
2.59164
2.44439
2.56546
2.77599
2.26426
2.67635
2.40476
2.5365
2.58304
2.57984
2.67042
2.39659
2.75919
2.27935
2.90059
2.65748
2.56517
2.73169
2.78362
2.95518
2.78862
2.72384
2.58002
2.77227
2.61952
2.56776
2.54048
2.8044
2.42614
2.81296
2.55781
2.423
2.62783
2.95055
2.65559
2.71554
2.18218
2.66264
2.98592
2.77684
2.66801
2.71271
2.93676
2.98836
2.49194
2.37116
2.6836
2.54467
2.79569
2.6465
3.00156
2.87825
2.40376
2.47144
2.39693
2.93485
2.56524
2.61115
2.97282
2.42116
2.34251
2.21763
2.91281
2.39335
2.52503
2.67153
2.63121
2.66372
2.53775
2.70888
2.77997
2.1784
2.61852
2.5905
2.4429
2.44554
3.21704
2.99087
3.14559
2.67027
2.2818
2.90522
2.86237
2.62832
2.57696
2.8282
2.74078
2.83003
2.96465
2.77796
2.82788
3.1566
2.7941
3.33598
3.02819
2.92579
2.85204
2.64408
3.15095
2.72706
2.80702
3.00464
3.10696
2.79884
2.73451
2.84123
2.86312
3.06905
2.70085
3.21173
2.98508
3.07282
2.85106
2.94993
3.16983
2.73507
3.06558
2.93371
2.73315
3.01304
2.90872
2.79983
2.88732
2.71197
3.18954
3.0714
3.1981
2.86678
2.48601
2.98458
3.11035
2.62428
3.14702
2.86433
2.58051
3.0146
2.96546
2.9621
3.08763
2.78196
2.78612
2.64509
2.87485
2.89301
2.73643
2.75408
2.70003
3.21984
2.77364
2.84729
3.13177
2.77405
2.68384
2.7113
2.35645
2.59525
2.65052
3.05881
2.65651
2.87361
2.66173
3.07645
2.86909
2.68982
2.57752
2.75913
2.42398
3.05187
2.75365
2.81219
3.29437
2.68596
3.54451
2.74399
2.64092
3.13879
2.95002
2.63545
3.03721
2.72953
2.93376
2.6452
3.53396
3.43993
3.19433
3.31009
2.90158
3.24694
3.12255
2.89615
3.04237
2.73644
2.75871
2.99555
2.67671
3.07727
3.41506
2.84241
2.73196
3.06875
3.29133
3.26773
3.16405
3.27383
3.32779
3.27988
3.13494
3.32095
3.21909
3.1274
3.19366
2.68875
2.62748
2.81284
3.33083
2.58091
2.78416
2.79168
2.95711
3.24839
3.24352
2.88678
2.76494
3.04318
3.02627
2.63974
3.33495
3.10277
3.02787
3.20909
2.92492
3.36387
3.24739
3.23041
2.46134
2.80879
2.9098
2.7805
2.92496
2.83024
3.15638
3.2743
3.37342
2.58848
3.28409
3.09527
3.1319
2.89463
2.96678
2.89429
3.17121
3.29697
3.12168
3.3958
2.97214
2.91528
3.01549
2.77718
2.48103
2.74867
2.98625
2.77399
2.58874
2.82875
3.12736
3.24629
3.05957
3.16881
3.28608
2.94539
2.90846
3.0152
2.85113
3.08177
3.37003
2.95343
3.27804
3.33668
3.21863
3.19883
2.47877
2.69802
3.18421
3.0706
3.16586
3.26328
3.1402
3.24007
2.80797
2.82251
3.37746
2.67454
3.16955
3.15259
2.86532
2.86891
2.84423
3.19679
2.83221
2.99652
3.14923
3.25015
2.92899
3.2575
2.75281
3.39202
2.72107
2.84179
2.80477
3.15425
3.19805
3.00862
3.09523
3.10627
2.94171
2.88262
2.99796
3.00783
3.02701
2.68763
2.65697
2.7449
2.99424
2.76079
3.24399
3.00777
3.10449
3.02455
2.95378
2.76147
3.07246
2.62547
2.87673
3.29643
3.03347
3.03654
3.15727
3.1289
3.01531
2.89594
3.00426
2.78403
2.94289
2.50945
2.7353
3.50413
2.72994
3.21876
2.65186
2.5125
2.82765
3.37334
3.15487
3.35096
3.28464
3.04639
3.11005
3.41573
2.74549
2.24676
2.89399
2.85335
3.11478
3.1105
2.76397
2.92915
3.07847
3.20943
3.20916
3.07812
3.12647
2.536
3.08556
2.68126
2.94365
3.20545
2.47736
2.51963
2.80185
2.95489
2.92617
3.09901
2.67282
2.86546
3.15034
2.76508
3.03799
2.93627
2.91155
3.28958
2.87535
2.86003
3.40456
3.15013
3.07388
2.82022
2.72761
2.46139
2.95558
2.77722
3.0025
3.06323
2.81242
2.74954
2.58344
3.25459
2.7959
3.13268
2.7503
2.96949
3.01629
3.04176
3.25468
2.69767
2.68502
3.07949
2.78284
3.19542
2.95878
2.36903
2.84984
2.59604
3.1552
3.313
2.97217
2.9609
2.89412
3.19032
3.08167
3.40991
2.90197
2.99492
3.39731
3.07918
2.77077
2.81651
2.72238
2.90365
3.0994
2.92717
3.35399
2.31871
2.61947
3.00266
2.76298
3.12657
2.63649
3.02167
2.86125
3.05077
3.0513
2.74438
3.07278
3.17197
3.23926
2.82787
3.20727
3.78181
2.74045
2.8036
3.09825
3.42115
2.90505
3.31839
2.96501
3.0811
2.83265
3.14422
3.22411
3.09259
3.01771
2.96405
2.91365
3.07486
3.75451
3.2032
3.10107
2.95587
2.66331
3.07829
3.2575
2.57236
3.07862
2.98574
3.02302
2.77309
3.09703
3.02966
2.83538
2.56236
2.70121
3.22613
3.1125
2.54528
3.10898
2.80247
2.7078
2.93739
3.39521
3.07071
3.17564
2.99384
2.92869
3.318
3.05283
2.82732
3.29043
3.22171
3.33261
3.05646
2.81085
3.1755
2.9739
3.01669
3.38316
3.1696
3.2773
2.63597
2.90091
2.85479
3.23141
3.14278
3.2918
3.2791
2.82981
3.01378
2.92762
3.40453
2.80326
3.16265
3.07201
3.39417
3.45244
2.98232
2.85209
3.2686
2.98781
3.0704
2.6539
2.95222
2.58809
2.84075
2.71089
2.67473
2.78276
2.6312
2.65237
3.06762
2.7621
3.12045
2.58595
2.83928
2.39881
2.90763
2.51492
2.6691
2.86566
2.71225
2.83544
2.793
2.75317
2.64384
2.90024
2.97924
2.77462
3.10553
2.68802
2.46484
2.78033
3.15644
2.79145
2.82735
2.66689
2.81799
2.85499
2.72702
2.81982
2.54112
2.57301
2.68279
2.8619
2.36816
2.82259
2.77445
2.79913
3.00222
2.8587
2.89276
2.4463
2.71063
2.96981
2.62934
2.76429
2.76514
2.7307
2.64876
3.08639
2.99609
2.92349
3.02401
2.40042
2.71831
2.99363
2.8902
2.71341
2.38301
3.1265
2.94092
2.36409
2.42
2.83783
3.10366
2.4942
2.99309
2.73696
2.5898
2.48842
2.99564
2.42608
2.85927
2.74909
2.59513
2.67335
2.50309
2.80041
2.58019
3.02053
2.63774
2.95714
2.83109
2.79884
2.35868
2.74711
2.68199
2.65178
2.65564
2.86605
2.86851
2.79709
2.406
3.01244
2.48033
3.00059
2.80931
2.7823
2.77494
2.64628
2.67272
2.64783
2.47723
2.75901
2.79499
2.9696
2.87556
2.49433
2.43711
2.7562
2.91861
2.65585
2.43883
2.51362
2.44442
2.90987
2.87449
2.94768
2.57295
2.54071
2.18973
2.69358
2.66378
2.49593
2.59862
2.44357
2.76058
2.58635
2.90243
2.64815
2.51188
2.78506
2.82787
2.69258
2.75054
2.98783
2.64982
2.52107
2.70111
2.45536
2.34899
2.2982
2.61004
2.56262
2.15411
2.87406
3.33008
2.74894
2.649
2.66871
2.94544
2.69749
3.05947
2.54896
2.99595
2.72178
2.64619
2.7825
2.49613
2.37698
2.4617
2.84914
2.56808
2.8483
2.40403
2.50779
2.82918
2.35334
2.38067
2.75709
2.9761
2.6606
2.81931
2.82375
3.23769
2.88881
2.91337
3.35181
2.97142
3.10722
3.03222
2.83187
2.49091
3.09873
2.85071
2.8375
2.75468
2.7693
2.85081
2.77268
2.75168
2.95435
3.07317
2.65581
3.15216
2.9228
2.87181
2.68464
2.62962
3.08489
3.31674
2.93469
2.8463
2.70242
2.55424
2.77377
2.75756
3.04258
2.59072
2.67221
2.54446
2.87624
2.58116
2.95271
2.93938
3.0818
2.64796
2.95215
2.97348
2.96366
2.95071
2.50543
2.95572
3.22821
2.75301
2.92106
3.27148
2.48987
2.65307
2.88481
2.59989
2.71153
2.77303
3.06836
3.05235
2.61424
3.20692
2.82136
2.66719
2.70221
2.77966
2.81879
2.80027
3.01187
2.71115
2.91425
2.70111
3.41898
2.53701
2.74858
3.27833
2.94149
3.07321
2.77302
2.86663
3.28437
2.96879
2.7489
2.87612
3.03277
3.08618
2.79784
2.75078
2.81521
2.76096
2.86823
3.05228
3.15347
3.11543
2.34508
2.77338
2.41471
2.90034
2.86309
2.71859
2.72185
3.20003
3.02096
3.05023
2.94816
2.95269
2.96972
3.14223
3.16915
2.83479
3.17449
2.71458
2.71108
3.1186
3.02488
2.53794
3.35251
2.8829
2.68
2.85454
2.49616
2.65282
2.80032
2.47003
2.86874
3.11256
3.20737
3.08637
2.91774
2.50062
2.90147
2.90134
3.10802
2.78175
3.0199
3.04672
3.11303
2.7676
2.96265
2.79095
2.44556
2.83765
2.52278
2.77961
2.95424
2.72377
2.87628
2.65929
2.94511
2.72681
3.10498
2.94801
3.20061
3.02
3.12845
3.11401
2.86882
2.5276
2.50738
2.65316
2.625
2.94515
2.80058
2.97705
2.94669
2.55998
3.04026
3.00614
2.98491
2.85432
2.98262
2.99711
3.10031
2.85746
2.87878
2.72488
3.11882
2.61796
2.80956
2.59191
2.80637
3.01449
2.89709
2.90871
2.87267
2.95675
2.93824
2.73749
2.81422
2.80777
2.7852
3.30103
2.60263
2.89773
3.18679
3.27382
2.79008
2.94151
3.09709
3.0358
2.58444
3.01414
3.12622
2.58571
2.88315
2.80478
2.86652
2.85392
3.23955
2.61135
2.72928
2.52754
3.11875
2.78323
2.97352
2.39848
2.35025
2.94928
2.92228
2.39495
2.44118
3.24752
2.68641
2.91544
2.73153
3.29533
2.98177
2.95709
2.69491
2.9571
2.87456
2.74232
2.86013
2.8363
3.27328
2.92762
2.59524
2.19479
3.19098
2.90463
2.72043
2.88865
2.30756
2.79556
2.66953
3.19726
2.91104
3.03907
2.6426
2.92298
3.02196
2.56652
2.83322
2.73618
2.62491
2.6609
2.82745
2.75377
3.00271
2.39282
3.24467
2.95545
3.06391
3.14457
3.24631
2.71016
3.10977
2.70189
3.04601
2.74415
3.21282
2.97433
3.2113
2.67573
2.94386
3.09578
3.15456
2.87569
2.78694
2.79074
2.67985
3.00015
3.10885
2.84301
3.15769
2.63234
2.99949
3.35239
2.71474
3.22402
2.85659
3.1095
2.46557
2.78256
2.64504
2.89779
3.03227
3.01478
3.48404
2.87457
2.91205
2.63621
3.11949
2.8999
2.71093
2.86483
2.95305
2.56563
2.93946
2.64529
3.36639
2.75806
2.77477
2.92225
3.00684
3.03187
2.8018
2.9729
2.58681
2.80472
2.99553
2.90177
3.08736
3.04032
3.29989
2.93951
3.28023
2.71424
2.83152
2.97606
3.29949
2.90844
2.50725
2.73165
2.95189
2.70979
3.11048
3.13769
2.82234
2.81012
2.71135
2.73445
2.91694
2.9865
3.22623
3.03654
2.86831
3.09326
2.96403
2.3388
3.12705
2.88793
2.89639
2.5788
2.65695
2.91701
3.10066
2.81325
2.98837
2.99682
2.8897
2.93015
3.24391
3.0032
3.01241
2.85774
2.67476
2.95726
2.78545
2.9038
3.1265
3.04364
2.75005
2.99434
2.6586
2.72667
2.83176
2.5532
2.59532
2.63419
2.33036
2.92909
2.7929
2.58458
2.59299
2.89459
2.59919
2.99222
2.56092
2.84613
2.89127
2.7929
2.87173
2.85854
2.72567
3.13281
3.05443
2.65302
2.9577
2.66698
2.71073
2.83308
2.63835
3.09815
2.88903
2.66662
2.49359
3.42331
2.79289
2.51937
2.77898
2.38903
2.6846
2.80549
2.79455
2.87131
2.81832
2.8666
2.69387
2.82951
2.71705
2.71566
2.57236
3.02593
2.5241
2.52219
2.65982
2.72982
2.90229
2.94212
3.18149
2.85768
2.82637
3.18867
2.85266
2.53569
2.71933
2.81966
2.9256
3.1753
2.73687
2.95431
3.09315
2.93998
2.78338
2.88561
2.83469
2.89892
2.78146
3.14041
2.93475
3.18283
2.56412
2.39928
3.02758
2.74642
2.94486
2.98577
2.98402
2.47727
2.4066
2.63693
2.57154
2.80407
3.20981
2.97192
3.05931
2.6622
2.65536
3.34437
2.72324
2.44578
2.73116
3.19909
2.61911
2.87691
3.05161
3.0906
2.74372
2.86927
2.68881
2.96696
3.0519
3.08564
3.18623
2.95399
3.23104
2.98923
2.91474
2.79042
2.89431
3.09207
3.12426
3.02583
2.74541
2.74436
2.83597
3.10546
2.93596
2.76655
2.92259
2.81833
2.72044
2.7595
3.18757
2.92791
2.89557
2.8406
2.827
2.8029
3.26535
3.17904
3.51698
2.99233
2.86371
2.94467
2.85416
2.80566
2.74372
2.93379
2.96571
2.94528
3.26581
3.09554
3.31001
2.98495
2.99641
2.74957
3.31349
3.32618
3.2727
2.96155
3.12028
3.4521
3.23203
3.1632
3.31472
3.46012
2.80612
2.83637
2.66073
3.0876
3.26455
2.64449
2.85699
3.07481
3.42457
3.13529
3.20274
3.12701
2.86621
3.17572
3.27446
2.4215
3.18173
3.34768
3.26517
3.0596
2.82142
3.11087
3.19219
3.2191
2.60678
3.12581
3.16485
2.64744
3.40367
3.19858
3.37634
3.33349
3.13221
3.0923
3.47939
2.94962
3.10873
3.26033
2.72249
2.59056
2.73759
3.15162
2.88644
3.39575
2.95349
3.15299
2.91356
2.29192
3.09759
2.89359
2.9605
2.71188
3.2425
2.8915
2.95846
2.96553
2.71148
2.87193
2.81311
2.57474
2.99756
2.82598
2.81445
3.14548
3.19507
3.17041
2.94007
3.05201
3.08781
3.25687
2.9047
2.78599
2.96638
2.89491
2.98859
2.36307
2.89019
2.73514
2.45147
3.02793
3.01347
2.56184
2.97497
2.8599
3.00823
2.37089
3.04124
2.74747
2.9332
3.08638
2.81516
3.08794
3.03801
2.61661
3.39936
3.04595
2.83411
2.79717
3.16382
2.57676
2.74706
3.18576
2.96061
3.14807
3.00932
2.74112
2.49511
3.23232
3.10532
2.99371
2.79074
2.90345
2.6483
2.90205
2.8875
3.22656
3.11756
2.90531
3.28842
2.50092
2.6176
2.86864
3.0382
2.80766
2.99466
2.52677
2.8551
2.89767
2.90058
2.88166
3.14678
2.80583
2.98492
2.94365
3.00971
3.0327
2.91416
2.91943
3.23433
2.97052
2.79338
2.74265
2.794
2.98391
2.61
3.09758
3.14773
2.90269
2.94266
3.10103
2.75451
2.99817
3.47667
2.7737
2.95621
3.04703
2.71342
2.83984
3.24914
3.23041
2.89749
2.83092
3.01506
2.8622
3.07016
2.78263
2.98957
3.0006
2.23063
3.50736
2.91873
3.13661
2.88786
3.24118
2.80895
3.11442
2.52983
2.88513
3.45935
2.68574
2.67211
2.81742
3.35402
3.13425
2.71171
3.06531
3.04622
3.13443
2.87051
3.02061
3.26634
2.83176
2.7334
2.93069
2.57073
3.13816
2.95721
2.82512
3.23926
2.62791
2.97922
2.6691
3.00887
2.68886
2.89601
2.84946
3.53805
2.99086
2.77974
3.20602
2.87352
2.66567
2.92031
3.1357
2.96811
3.01917
2.77835
3.46106
3.03103
3.27796
2.99288
2.89803
3.14229
2.88952
2.77547
2.62721
2.83688
3.39879
3.17956
2.74937
2.88511
2.99705
2.80338
3.1895
2.81243
2.88896
2.88624
3.17054
2.85492
3.21633
3.20513
3.38787
3.0749
3.25434
3.22993
2.70985
3.17187
3.03105
2.85191
2.97756
3.35786
2.93366
2.9826
3.09908
3.10204
2.85839
2.87735
3.36961
3.12633
2.93637
3.22339
2.96852
2.69739
2.54813
2.85128
2.90397
2.74308
3.21506
2.93572
2.96983
2.98106
2.84621
2.65651
2.77822
2.89633
2.82726
2.86709
3.05707
3.06654
3.10139
2.94616
3.08065
2.75566
2.95084
2.90924
3.07409
3.06152
2.94216
3.03644
2.68464
2.94693
3.22218
3.07531
3.17025
3.19869
3.03323
3.15282
3.06417
2.58121
2.95293
2.90978
2.7208
2.9669
2.87037
3.05056
2.86323
3.26783
3.10627
3.07128
3.51389
2.97697
3.06579
3.1374
3.14004
3.24441
2.7692
3.38083
2.97475
2.91368
3.08369
3.13718
3.14861
2.6319
2.51968
2.72412
2.68169
3.47407
2.9575
3.02874
2.78208
2.89439
3.4234
2.77308
2.56361
2.9554
3.33614
3.03076
3.02941
3.09281
3.244
3.04896
2.96152
2.87117
2.80469
3.07826
3.02491
2.69314
3.01694
3.29168
2.6237
3.18916
2.83292
3.18773
3.17109
2.94933
3.75177
2.41718
2.64541
2.92764
3.09654
2.81444
2.9418
2.81266
2.95408
3.00072
2.68416
3.06695
3.21798
2.85149
2.77285
3.371
2.86621
3.09455
2.16897
2.92716
2.66752
2.33541
2.92768
2.82879
2.58608
2.82082
3.15938
2.72463
2.79521
3.00261
2.90859
2.93303
3.07175
3.03593
3.00518
2.76222
2.62757
2.98389
3.09165
2.6543
2.85083
2.71254
2.39713
2.90558
2.67867
2.5657
2.7293
2.9451
3.04907
2.98303
2.962
2.68269
2.58037
2.81039
3.18092
2.65938
2.73895
3.04713
2.62648
2.62966
2.99195
2.54833
2.90849
2.98849
2.58043
2.90145
2.86953
2.6823
3.14721
2.59144
2.89431
2.8918
2.39276
2.66584
3.34289
2.68488
2.38963
3.15234
2.62796
2.51103
2.57193
2.88549
2.29496
2.86358
2.80245
3.17723
2.88706
2.33059
2.99843
2.70752
2.93184
2.71443
2.81156
2.89684
2.97618
3.1325
2.51389
2.84935
2.85248
2.78613
3.20156
2.9843
2.68658
3.29208
3.01647
3.04585
3.17047
2.88598
2.86968
2.84684
3.05213
2.70606
3.06993
2.84378
3.42835
3.0404
2.64941
2.3121
2.75751
2.78133
3.05364
2.895
2.95521
3.18785
2.65098
3.07658
2.61046
2.76634
3.03411
2.90913
2.95059
2.7249
2.90689
2.70316
3.11195
2.95052
2.77904
2.76072
2.64144
3.17783
2.93175
2.89325
2.99928
2.70499
3.21082
2.93456
2.93993
2.63188
2.98599
2.87036
2.9636
3.09715
3.01102
2.9893
2.9365
2.62636
2.90417
2.79305
3.01398
3.20506
2.89112
2.42548
2.62806
2.88356
3.08637
3.13116
3.16497
2.75652
3.13092
3.03516
3.036
3.01423
2.82192
2.90594
2.88606
3.10795
2.93296
3.15751
2.97684
2.83394
3.05369
2.81334
2.81792
2.88343
2.81562
2.67193
2.83374
2.72456
3.0822
2.85373
2.69416
2.81296
2.7998
2.88543
2.68766
2.63442
2.81259
3.30161
2.88205
2.76739
2.79616
3.01618
2.92029
2.54961
2.44063
3.12247
2.64961
2.71063
2.93301
2.60294
2.50407
2.68123
3.0349
3.09114
2.8361
2.15215
2.79007
3.05394
3.09124
2.85941
2.69074
3.07038
2.95059
2.72115
2.89022
3.26565
3.01809
2.54232
3.3841
2.99948
2.43787
2.22462
2.84065
2.71896
2.81701
2.69771
3.05653
2.70585
2.61631
3.15199
2.54418
2.92156
2.52893
2.73001
3.34579
2.69393
2.98304
2.51915
3.24841
3.06645
2.89869
3.35867
2.71883
3.07548
3.00207
3.03741
2.9028
3.03821
3.30202
3.14532
2.96369
2.84443
3.09684
3.01853
2.8532
3.30794
2.87458
2.70833
2.84905
2.86696
2.65424
2.52319
2.86505
3.1924
2.78698
2.88127
3.08517
3.01825
2.82787
2.88424
2.62789
2.91107
3.29183
2.92078
2.67611
2.99889
3.01887
3.30398
2.86911
2.6964
3.05469
2.86621
2.83767
3.26316
3.05865
3.40733
3.16951
2.81206
2.66181
2.92281
2.97598
3.11963
2.95261
2.80895
3.05725
2.88378
3.06927
2.67867
3.10473
3.30141
2.91283
2.64921
2.6823
3.25651
2.85652
3.13064
2.87917
2.90184
3.19197
2.52517
2.94303
2.75928
2.86814
2.55647
2.94313
2.74678
3.25005
2.61129
3.07292
2.9227
2.51338
2.90961
3.10461
2.64517
2.8971
2.75358
3.22844
2.9554
2.9429
2.74446
2.70187
2.94194
2.669
2.64182
2.33452
2.66922
2.87494
2.64892
2.24057
2.81241
2.90697
2.90578
2.41901
2.34217
2.76418
2.97769
2.92698
2.41335
2.69037
2.87608
2.66238
2.86453
2.76659
2.81421
2.65365
2.69654
3.10575
2.75709
2.82673
2.51521
2.78384
2.47284
2.86872
2.69807
2.8452
2.85362
2.43898
2.57263
2.725
2.95428
2.65001
2.8243
2.89648
2.5839
2.61882
2.5666
3.05542
2.90531
2.51192
2.33269
2.6578
2.63402
2.62355
2.4972
2.83113
2.9675
2.97857
2.55908
2.84331
3.00826
2.86034
2.99439
2.61363
3.26087
2.87319
2.79674
2.84499
2.76323
3.53485
3.21918
2.73551
2.70701
2.35973
3.20589
2.48402
2.66053
2.79257
2.9682
2.94748
2.91053
3.05065
2.92584
2.76193
3.07664
3.13626
2.5526
3.15195
3.19953
2.67635
2.69021
3.3192
3.02378
3.16962
2.81706
2.35223
2.10619
2.92647
2.89307
2.80567
3.00384
2.79311
2.84615
2.99901
2.659
3.40161
2.70807
2.49121
2.99485
2.61754
2.45786
2.65118
2.9226
2.55333
3.09453
2.59038
3.14715
2.78164
2.64209
2.77041
2.79959
2.8793
2.9899
2.85109
2.6489
2.86549
2.80437
3.05728
3.0598
3.07115
3.00887
2.8559
2.90889
2.99357
2.93145
2.81945
3.06598
2.67129
2.96606
3.24623
3.3233
2.81638
2.87765
2.74106
2.33253
2.71281
2.65839
2.61727
2.8954
2.97231
2.96236
2.78779
3.09532
2.95092
2.91858
2.50848
2.52575
2.71064
2.74252
3.19257
2.79015
2.92526
2.67388
3.08624
2.94098
2.66448
2.12465
2.75684
2.4864
2.82066
2.97376
2.84696
3.24026
2.74886
2.90692
2.69829
2.98225
2.8884
2.88864
3.16095
2.73023
2.93382
2.83186
2.99494
2.85407
3.21778
2.661
3.00004
2.75584
2.88416
2.77122
2.6044
3.11241
2.47801
3.19574
3.04023
2.76215
2.82459
2.52922
2.72846
2.79719
2.74225
2.71055
3.07357
2.57186
2.97593
2.99919
2.58541
2.75321
3.1638
3.15464
3.17537
2.86234
2.54172
2.74828
3.05193
2.79275
2.76743
2.92519
2.71731
2.76973
3.0298
2.95393
3.22832
2.87459
2.75582
2.84882
2.48773
2.85237
3.22529
2.90275
2.85709
3.07044
2.89711
2.92162
2.68877
2.71694
2.63683
2.89701
3.06429
2.97871
2.9684
3.05868
2.72184
3.07661
2.58267
2.86727
3.05118
2.70512
3.3977
2.81045
2.58763
2.45535
3.20247
2.67456
3.19487
3.03725
3.10472
2.8354
2.56827
2.95838
2.78427
2.97244
2.9435
2.95035
2.5736
2.81841
3.21705
3.2122
3.26772
3.11889
2.90664
2.83621
2.83067
3.07615
2.94411
3.01344
2.7185
2.79783
3.31548
3.0281
3.16036
2.77994
2.85319
2.76157
2.94362
2.70151
2.85931
2.81243
3.16909
3.22801
2.91076
2.76804
2.46648
3.19016
2.83451
2.89382
2.55172
3.46863
2.86537
3.0179
2.9088
3.06397
3.06309
3.01145
2.72908
2.87508
2.87247
3.19569
3.14423
2.85564
3.06256
2.84287
2.86219
2.38102
3.15797
2.80886
2.91919
3.13903
2.87923
2.99952
3.07227
3.24033
2.55289
3.20114
2.81684
2.75659
2.96115
2.7233
2.98324
2.61346
2.66506
2.8483
2.93108
2.36911
3.01052
3.17362
2.74033
2.69166
2.60357
2.55997
2.22107
3.09719
3.09534
2.58867
3.06681
3.03162
2.87394
2.73659
2.95152
2.38666
2.75911
3.34128
2.95992
2.55197
2.73753
2.84546
2.95273
2.87557
2.73885
2.99868
2.63517
3.0135
2.48973
2.67925
2.67195
2.9116
2.85895
2.71042
3.11261
3.14915
2.86705
2.49387
2.71616
2.77918
2.74481
3.15931
2.90012
2.79431
2.9147
2.57907
2.86358
2.59275
2.79661
2.88426
3.00325
2.89938
2.76993
3.11186
2.75307
2.92995
2.61652
2.38978
3.1207
2.25597
2.62365
2.50809
2.95604
2.95256
2.51327
2.79843
2.98642
2.64269
3.36209
2.6682
3.18136
2.8798
2.97174
2.74321
2.80778
3.01826
2.57535
3.06564
2.74621
3.51766
3.03367
2.31183
3.01492
3.15596
2.787
3.04904
2.69384
2.9824
2.92984
2.95939
2.91504
3.09849
3.01438
3.16825
2.98607
3.09469
2.6762
2.86781
3.23905
3.46884
3.1983
3.18772
2.90996
2.3794
2.88406
2.86629
2.84805
2.85367
2.80078
2.95867
2.98476
3.51653
2.6976
2.77509
2.88845
2.89845
3.48384
2.93221
3.30878
2.53637
2.5522
2.59232
2.85678
3.15452
3.16101
3.15003
2.9676
3.00742
3.16549
2.79099
3.22897
3.09795
2.88908
3.28178
2.88965
3.29908
3.13495
3.177
3.06322
2.99766
3.23297
3.42926
3.35645
3.16069
3.02452
3.10687
3.19892
3.16526
2.83608
2.76953
2.85607
2.71631
2.84332
2.77213
2.86354
3.38785
3.05197
2.715
2.98734
3.21637
3.14805
3.2991
2.78199
3.49571
3.50867
3.10342
2.85948
3.49211
3.32674
3.43471
3.02949
2.599
2.69942
2.89774
3.11868
3.07631
3.02323
3.15685
2.85233
3.36242
3.06472
3.42699
3.18483
3.14745
3.49286
2.76202
2.71043
2.99071
3.32799
2.72422
3.10702
3.0182
3.30584
3.36244
2.48543
2.63881
2.9897
2.96092
3.05948
2.78675
2.71419
3.01515
2.61762
3.01566
3.04906
3.08679
2.84843
2.80399
2.93672
2.97051
3.20377
2.78459
2.80489
2.80784
3.21632
3.05809
2.99795
2.61864
2.96597
3.05415
3.0305
3.03346
3.29275
3.0567
2.59832
3.06809
2.77304
2.44236
2.82024
3.0316
2.87676
3.13502
3.16063
3.11122
2.8508
3.15136
2.62447
2.50346
3.23035
3.3034
2.6443
2.39232
3.41875
2.95462
2.85902
2.65505
3.15098
3.30121
2.41134
2.98801
2.7513
2.61028
2.79094
3.16646
3.20965
2.90933
3.03083
2.77602
2.78086
3.08942
2.86428
2.99682
2.94158
3.07299
3.04567
3.17663
2.59809
2.66329
2.7785
2.54748
2.7932
3.06876
2.32237
3.29901
2.53517
3.10555
2.72149
2.9031
2.75187
2.70199
2.89031
2.78326
2.53296
3.06749
2.85552
3.08948
2.92074
3.23914
2.82595
3.16965
2.61731
2.26672
2.80753
2.86806
2.57117
2.52051
2.68947
3.13503
2.68199
2.79956
2.96959
2.88826
2.57054
2.98983
3.18467
2.97985
2.58826
2.8653
2.99925
3.18768
2.79145
2.56711
2.82234
2.8309
2.46994
2.84691
2.52141
3.12417
2.81268
2.36088
2.81961
3.07305
2.65519
2.46244
2.74529
2.83452
2.64903
2.89879
3.01275
2.81428
2.79513
2.89961
2.72855
2.49751
2.53885
2.53945
3.14943
2.77017
2.9631
2.59273
2.92555
2.76821
2.83454
2.23204
2.84858
2.82956
2.87256
2.80447
3.06724
2.65582
3.28243
2.88541
3.02838
2.91394
2.53764
2.70115
3.06679
2.65256
2.996
3.39334
2.84606
2.90156
2.82729
2.59772
2.69196
2.59868
3.23727
3.12852
2.76366
3.08117
2.92312
2.87555
2.8548
2.80921
2.86462
2.48164
2.96846
2.72323
2.61862
2.65576
2.76692
2.59185
2.48822
2.94914
2.85386
2.7074
2.84797
2.7981
2.63205
2.82809
2.92882
3.14782
2.87535
2.43645
3.00662
2.83119
3.11631
2.61449
2.8307
2.69065
3.06012
3.08868
2.7494
2.98395
2.62844
2.88491
2.86129
2.83829
3.23491
2.64291
3.28044
2.48808
3.1396
2.73578
2.90639
2.73463
2.77508
2.77119
2.94757
2.97033
2.49312
3.17761
3.22157
2.90108
2.82752
2.4062
2.74522
2.91015
3.24064
2.95759
2.52826
3.18813
2.83659
2.92495
2.96058
2.73332
2.95704
3.02673
2.65146
2.93193
2.86218
2.87849
3.46736
2.90773
2.48405
2.96933
2.36678
2.71703
2.78477
2.74799
2.99561
3.03917
2.84761
2.7931
2.68888
2.95898
2.83963
2.62313
2.85333
2.84813
2.83225
2.76363
2.77534
2.36252
3.08452
2.95647
2.77247
3.06149
2.93297
2.78945
2.71734
2.64531
2.54665
2.90649
2.7083
2.81405
2.68645
2.48781
2.6845
2.83008
2.83724
2.50572
3.06786
2.99597
2.84009
2.55073
2.63841
2.39216
2.79639
3.14828
2.71667
2.89302
2.75375
2.82337
2.75455
2.65077
2.78615
2.60239
2.85615
2.75867
2.57501
2.91812
2.79334
3.1644
2.73287
2.6217
3.0772
2.62653
2.62879
2.80422
2.73046
2.958
2.49666
2.59876
2.7841
2.55126
2.83576
2.99562
2.6364
2.91051
2.79666
2.86718
2.52301
2.95912
2.96721
2.55102
2.95802
2.8573
2.82963
2.7258
3.16115
2.69732
2.67794
2.81833
2.75577
2.90635
2.77546
2.795
2.58317
3.08767
2.99865
3.0326
2.7477
2.89722
2.7836
3.2621
2.68937
3.05576
2.64099
3.13113
3.08468
2.47869
3.0949
2.78417
2.9461
3.11987
3.07776
3.04477
2.79899
2.89454
2.69959
2.87807
2.66774
2.72413
3.05101
2.96092
2.87926
2.96714
3.08484
2.88092
2.66828
2.57053
3.13345
2.62246
2.83289
2.78413
3.04105
2.65151
2.63977
3.16099
3.32749
2.72805
2.75054
3.10603
2.70842
2.77244
2.84493
3.08253
3.03136
2.90182
3.02844
2.8312
3.19248
2.54578
3.20106
3.03336
2.52211
2.77626
3.27136
2.85166
2.76452
3.24052
2.86202
2.96083
2.85132
2.73047
2.33588
3.19079
3.38972
2.98645
2.93634
3.03965
2.80087
2.87623
2.94361
3.29404
2.95981
2.78591
2.94825
2.82081
2.83294
2.75984
3.15891
2.94891
3.11604
2.6458
2.84016
2.9796
3.01831
3.03722
2.53735
2.83318
3.04902
3.0313
2.95725
2.99185
3.11027
3.04372
2.8182
2.87737
2.5631
2.79075
3.05116
2.582
3.08731
3.06892
2.55492
2.76817
2.43548
3.01478
3.14806
2.98852
2.57267
2.89822
2.65311
2.60767
3.03785
2.78214
2.65657
2.73707
2.79098
2.96205
2.72014
2.68149
2.51373
2.75567
2.88993
3.2116
2.8154
3.14958
2.72558
2.79648
2.48466
2.7744
2.71731
2.75491
3.10422
2.8071
2.91513
2.63159
2.72922
2.72823
2.94538
3.00051
2.96879
2.70285
3.04353
3.1047
3.01553
2.82921
2.87543
3.27221
3.27217
2.83903
2.89323
2.87551
2.99107
3.02873
2.99886
2.56422
2.59429
3.0596
2.35995
2.94423
2.81386
2.77398
2.81504
2.79042
2.40666
2.82256
2.79487
2.5998
2.43218
3.31641
2.31202
2.49981
2.66893
3.18021
3.0491
2.9455
2.6439
2.94925
2.75754
3.29463
3.15435
2.61058
2.93257
2.95936
2.74241
2.77164
2.86486
2.87573
2.58629
2.82455
2.68756
2.68212
2.42918
3.1331
2.8103
2.71694
2.76978
2.80922
2.65045
2.65056
2.93652
2.63662
2.95209
2.75289
2.53973
2.61053
3.21
3.0554
2.78397
2.99933
3.10442
2.76602
2.76438
2.69958
2.62897
2.98829
3.33123
2.90703
2.88311
2.52491
2.46782
3.48758
2.92219
2.70683
2.95131
3.538
2.99969
3.12698
3.34111
2.89558
2.93425
3.3458
2.62825
2.48006
3.41048
3.36696
2.75893
2.5081
3.23488
2.58993
2.96616
2.76593
3.04922
3.31976
2.9263
2.99704
2.79775
2.73268
2.90525
3.4165
2.94725
2.99365
2.77197
2.58277
3.40435
3.15146
2.8314
3.32266
2.83104
3.07021
2.88603
2.66077
3.26055
3.2527
3.05207
3.01894
2.71542
2.98664
3.22629
3.10116
2.992
2.36423
3.09319
2.7013
3.1082
3.0244
2.8952
2.99279
2.79229
3.05034
3.25384
2.72604
2.87727
3.24797
2.85416
3.09842
3.17198
2.90484
3.05276
2.95895
3.23306
3.21354
2.70941
2.96275
3.09138
3.15096
2.7977
2.83869
2.71385
3.04143
2.78869
3.23065
3.29012
3.09157
3.43065
2.74518
2.61676
3.20516
2.87693
3.16322
3.03711
2.83566
2.9385
3.09206
2.88329
2.72128
3.06128
3.07428
2.93721
3.15997
2.91516
2.94866
2.6526
2.79051
2.71356
3.41103
2.78324
2.97657
2.44439
2.73076
2.99551
2.50216
2.74506
2.67863
2.28765
2.74423
3.07203
2.98614
3.14221
3.06128
2.83527
2.94862
3.29192
2.70893
2.96952
2.88372
2.89501
3.0984
2.74992
2.81675
2.88644
2.9576
3.1967
2.82934
3.12685
2.55656
2.79222
2.84192
2.89359
3.11157
2.69116
3.09515
2.99015
3.14715
2.78202
2.77212
3.19182
2.94017
2.71794
2.9747
3.28231
2.63852
2.55699
2.82277
2.93096
2.71392
2.6531
2.87142
3.16878
2.85283
3.12962
3.07683
2.81106
3.24016
3.28148
2.53381
2.75024
3.14071
3.05769
3.09038
3.14159
2.74445
2.45269
3.07401
2.68242
2.63623
3.03765
3.0368
3.27337
2.80029
3.29908
2.74958
2.79697
2.83751
3.20746
3.19862
2.80757
3.25107
2.26856
2.61037
2.65942
2.70468
2.66614
3.0637
2.75371
2.96587
2.75423
2.84655
2.60274
2.99349
2.52021
2.48033
3.37462
3.01117
2.29415
2.83745
2.97164
2.62745
2.79394
2.57467
2.72628
2.84878
2.44031
2.8666
2.41547
2.75131
3.04464
2.60802
2.80018
2.56507
2.70379
2.63713
2.97063
2.76882
2.90689
2.94556
2.80727
2.46343
2.86318
2.88507
3.11272
2.83544
2.82944
2.77415
3.0115
2.52224
3.34579
2.83361
2.89159
3.00827
2.47719
3.00366
2.83561
3.04015
2.6117
2.94596
2.86737
2.60544
2.6115
2.47168
2.67618
2.55415
2.51641
2.78266
2.98867
2.38558
2.82546
2.66615
2.64353
2.58375
2.69699
2.96374
3.08707
2.90016
2.89243
2.93163
2.72883
3.14381
2.70515
3.06699
3.13522
2.63781
2.59105
2.86225
2.60715
2.7393
2.8134
2.46113
2.76389
2.58951
2.56091
3.38077
2.88039
2.74679
2.54968
2.82828
2.61331
3.23001
2.68224
3.11002
2.78394
2.64652
2.92835
2.73174
2.83816
2.26704
2.99781
2.74719
3.03065
2.64518
2.20443
2.75994
2.50968
2.90722
2.70523
2.98277
2.57007
2.58508
2.7548
2.96056
2.8562
2.67662
3.15728
2.55445
2.65591
2.91941
2.80553
2.7857
2.64346
2.85566
2.99388
2.67328
2.74689
2.56353
3.05954
2.67083
3.12899
2.51736
2.90832
2.60491
2.62073
2.92849
2.69037
3.03508
2.64471
2.69444
2.99042
2.84199
3.01075
2.98899
2.89071
2.69816
2.65035
2.58371
3.1256
2.90028
2.91703
2.79358
2.89861
2.90717
2.85989
2.69957
2.80206
3.13949
2.53683
2.49862
2.71007
2.93706
2.50063
2.78257
3.04348
2.89428
2.71444
2.89528
3.08314
2.93707
2.60966
2.59099
3.03072
3.27968
2.47704
2.68043
2.96278
2.87992
2.84135
2.78404
2.35402
2.39475
2.6336
3.06965
2.85387
2.8051
2.95687
2.77693
2.9683
2.85674
3.08177
2.91599
2.63873
3.08948
2.56042
2.3411
2.50293
2.81704
2.72666
2.6339
2.87416
2.88999
2.59588
2.70014
3.05282
2.83978
3.08458
2.87683
2.9619
2.6384
2.47163
2.70771
3.27255
3.19475
2.85932
2.74021
2.49166
3.15141
2.85865
2.28204
2.83157
2.73233
2.9913
3.13577
2.96524
2.96616
2.5295
2.52856
2.62873
2.88172
2.45568
2.54115
2.69101
2.53289
3.2388
2.6439
2.74723
2.84049
3.04419
3.10821
2.68323
2.97213
2.47022
2.73249
2.62172
2.84237
2.93284
2.7322
2.83623
2.5995
2.78943
2.63963
2.86743
2.8531
2.88365
2.86409
3.02069
2.88301
2.96864
3.3004
2.94776
2.76229
2.86894
2.85047
3.37413
2.67218
2.38302
2.74602
3.30384
2.86527
2.9054
2.96414
2.88623
2.66822
3.01178
2.82481
2.8132
2.73714
2.92362
3.12648
2.62296
3.29908
2.84262
3.07307
2.56852
2.87305
2.92325
3.02489
2.751
2.21692
2.81214
2.98469
3.04273
2.89997
2.72096
3.1375
2.63897
2.66173
2.42228
2.81321
2.95524
2.93945
2.70521
2.96057
2.46413
3.19247
2.40003
2.77352
2.62957
2.92361
2.73642
2.88288
2.57486
2.85875
2.96813
2.71693
2.89663
2.88381
3.1953
3.24817
2.83489
2.476
3.0968
2.87625
2.95192
3.06128
2.84645
3.10003
2.64507
2.95821
2.41476
3.2336
3.2298
2.905
3.19258
2.74366
2.92687
2.74659
3.27924
2.98773
3.08632
2.69324
3.06931
3.08814
2.85738
2.69435
2.85089
2.45145
2.6207
2.53287
2.67508
2.98259
2.57581
3.07903
3.05107
2.52792
2.87111
2.85423
2.97029
3.00435
2.7054
2.79152
3.19383
2.70542
3.00657
3.00755
2.80561
2.88575
2.91629
2.99373
3.13457
2.93577
2.82884
3.03905
3.18295
2.61151
2.88189
2.84575
2.8981
2.93891
3.24365
2.86953
2.9674
3.1905
2.83543
3.01147
2.83779
2.68387
2.68502
3.23605
2.86343
2.77087
3.07497
2.51834
2.45163
2.95135
2.89133
2.56852
2.99703
2.85765
2.69184
2.93455
2.58233
3.3224
3.06614
2.66379
2.99409
2.942
3.30304
3.05925
2.38028
2.78142
2.79152
3.49228
3.3588
2.95631
3.4725
2.78359
2.97178
2.67171
3.43361
2.99389
3.00855
3.48364
2.7646
2.74079
2.66919
3.03384
2.9673
3.3104
2.76542
3.09393
2.96402
2.83966
2.88777
2.81755
2.49652
2.67377
3.01551
3.02027
2.75545
3.00399
2.82851
2.7774
2.45788
2.93377
3.10606
3.21451
2.69365
3.3231
3.00801
2.89008
3.01418
2.74326
2.81097
2.64722
2.98264
3.29016
2.68305
2.99308
2.62976
3.05649
2.61997
3.24348
2.90331
2.93436
2.8681
2.79451
2.7348
3.0263
3.25231
2.56952
2.90036
3.00964
2.45382
3.19145
2.78273
2.64804
2.76484
2.7066
2.58974
2.566
2.38105
2.89435
2.92062
2.70126
2.97949
2.97874
3.14205
2.80185
2.91627
2.77391
2.90867
2.89106
3.04664
2.64587
3.06151
2.74919
2.85817
2.74078
2.88856
2.77416
2.48249
3.1133
2.53695
3.18756
3.03958
3.0079
3.05295
2.70139
2.50541
3.06187
3.05803
2.84424
2.80465
2.54002
2.73874
3.09249
2.72899
2.74008
2.84443
2.85557
2.60809
2.72802
2.51686
2.94391
2.85212
2.693
2.32926
2.89655
2.34863
2.84272
2.85984
3.09078
3.03901
2.97422
2.66812
2.47351
2.99455
3.21166
2.74843
2.19874
3.02752
2.93476
2.69386
2.57809
3.15083
2.8333
2.415
2.71958
2.30505
2.96821
2.70743
3.03291
2.70408
2.84724
2.52975
2.30957
2.87828
2.77892
2.62603
2.50627
2.47529
2.76019
2.78028
2.76437
2.7763
2.77778
2.84545
3.1358
2.76117
2.7513
2.51928
2.86933
3.10464
2.95014
2.45102
3.15383
2.72737
2.94782
2.87503
2.78512
3.08761
2.90717
2.71791
2.58384
2.91875
2.77036
2.46181
2.79484
3.00807
3.07904
2.47434
2.89802
2.86781
3.03387
3.17757
2.78201
2.75322
2.8064
2.98032
2.32969
3.20639
2.41036
2.78725
3.14003
2.74605
2.70247
3.00831
2.73619
2.8248
2.77241
3.16531
2.84395
3.03034
2.60423
2.94731
2.65842
3.25292
2.7504
2.8022
2.98899
2.31642
3.1265
2.57813
2.69428
3.0103
2.94022
2.85871
2.86796
2.90217
2.87599
3.20694
3.27738
2.95122
3.10804
2.49057
2.75145
2.94403
2.91777
2.98971
2.99877
2.54613
2.74203
2.66711
2.53406
3.04462
2.7806
2.6334
2.81667
2.81227
2.72079
2.79945
2.39219
2.50335
2.92521
2.6424
2.8688
2.69575
3.10798
2.70826
2.39807
2.54339
2.84673
2.45483
2.33576
2.70002
2.26048
2.3262
2.46551
3.11784
2.81931
2.53816
2.72082
2.80977
2.71096
2.47232
2.65866
2.78081
2.55085
2.76608
2.77745
2.95669
3.21796
2.5806
2.81594
2.94107
2.89861
2.94345
3.07589
2.72196
3.14418
2.97843
3.23668
3.2703
2.51912
3.67181
2.73786
2.5092
2.41785
2.81202
2.41401
2.74642
2.98203
2.49755
3.10646
2.81081
3.06759
3.08266
2.76149
2.77635
2.7862
2.71514
2.58339
3.20762
2.63436
2.75452
2.78187
3.02342
3.0963
2.90595
3.14849
3.12504
3.09656
2.9823
3.05708
3.31869
3.37774
2.68801
2.72669
2.932
3.12113
2.75108
3.17101
3.16476
3.40791
3.15068
3.12727
2.97458
3.13151
2.7863
2.97958
2.84006
2.95812
3.29482
2.79462
3.35541
2.95935
2.84604
2.93721
2.85057
3.47404
3.12922
2.99584
3.07323
3.29319
2.70997
2.79465
2.93929
3.38204
2.88983
2.85189
2.89169
2.98229
3.02597
2.60553
2.82549
2.61811
2.97554
2.79482
2.75085
2.7294
2.56062
2.45206
2.72053
2.47825
3.08137
2.46486
3.18334
2.92534
2.2486
2.39827
3.01455
2.53677
2.75172
3.07212
2.71212
2.93024
2.74944
2.721
2.84625
2.5881
3.10537
2.96096
2.57303
2.67222
2.45777
2.87266
3.20366
3.12689
2.79168
2.66241
2.32672
3.0007
2.91916
3.02093
2.48181
3.13865
3.00937
2.69122
2.57954
2.74864
2.92779
2.44812
2.57201
2.71116
2.98329
2.13665
2.13839
3.01954
2.75296
2.73079
2.58943
3.02445
2.76096
3.38041
2.90639
2.94082
2.66658
3.09258
2.73477
2.70393
3.07306
2.81736
2.83951
2.78357
2.79443
2.93954
3.15535
2.93094
3.05425
3.13586
2.83507
2.89434
2.61836
2.89316
2.92306
2.96519
2.92851
2.84443
2.28984
2.85898
3.30393
2.79432
2.98112
2.31925
2.94917
3.11651
2.5474
3.20747
3.19405
3.03589
2.81923
3.16964
3.44613
2.97046
3.14741
3.07046
2.75513
3.01607
2.99406
2.67978
2.76067
2.86409
2.82217
2.93986
2.9359
2.83192
2.87051
3.05357
3.39724
2.99224
2.74686
2.79807
3.28244
2.86509
3.314
3.01044
3.34445
3.20154
2.62627
3.08396
2.78568
2.53609
2.92984
3.26991
2.58279
3.05882
2.59406
2.97604
2.94121
2.79558
3.17361
3.2277
2.93026
2.80688
2.98617
2.95475
2.70782
2.84282
2.89649
3.41587
2.63242
2.63165
2.92654
3.17642
2.97665
3.05397
2.84592
3.32804
3.05854
2.84663
2.75956
2.49562
2.91119
3.03962
3.096
2.97524
2.63486
3.19635
3.04997
2.66311
3.02674
3.43955
3.15871
2.8608
3.10557
2.8251
2.84815
2.69916
2.67357
2.87025
2.76346
2.59478
2.81426
3.144
2.92787
2.87257
2.73398
3.22095
3.11756
2.32056
2.77155
2.97761
2.63966
2.30559
3.3118
2.62609
2.58569
2.37911
3.04868
2.96371
2.61376
3.00334
2.79986
2.22296
2.46254
3.24013
2.68595
3.03134
2.3646
2.62895
2.80595
2.68799
2.42601
2.49512
2.74567
2.35437
2.40679
2.69922
3.07357
3.25873
2.58825
2.45525
2.94769
2.69071
3.11315
2.63851
3.23136
2.91372
2.71051
3.07806
2.48044
2.55342
2.8336
3.0979
2.42649
2.96482
2.66872
2.71905
2.77093
2.87865
2.55227
2.67237
2.63377
3.00818
3.12403
2.74291
2.78306
3.30828
3.03356
2.70584
2.71429
2.99586
3.0604
3.17578
2.63177
2.92393
2.68056
2.67701
2.86722
2.53828
2.22368
2.96392
2.86284
3.23033
2.79743
2.69756
2.53063
2.85553
2.74481
2.87627
2.70941
2.9939
2.70522
3.02397
3.21953
2.88663
3.08824
2.95247
2.90697
3.08709
2.81122
3.17902
3.17625
2.55734
2.83526
2.92312
2.96586
2.75624
3.05226
3.03352
3.22199
2.98451
2.90819
2.90178
3.31562
3.27858
2.65566
2.91394
2.91812
2.67312
3.02351
2.9941
3.032
2.868
2.65623
3.21753
2.48462
3.04989
2.57419
2.73935
2.73667
3.3893
3.14998
2.51616
2.76835
2.73781
3.07487
3.11337
2.57705
3.10583
3.24254
2.92431
2.92288
2.82526
3.27338
2.58519
2.74627
2.61683
2.8544
3.12125
2.49497
2.78645
2.70427
2.83107
3.03943
3.269
2.75003
2.75562
2.80128
2.32197
2.78898
3.00595
2.57717
2.79529
2.9133
2.52111
2.63547
2.92761
2.77978
3.38794
3.16778
3.41145
2.85985
2.96236
2.91799
3.15614
2.93926
2.96668
2.78444
2.56341
2.80937
2.9725
3.1851
2.92063
2.95614
2.9392
3.15214
2.75599
2.88997
2.75868
2.61077
3.05441
2.63983
3.08962
2.92241
3.17764
3.1043
2.75511
2.82767
3.0763
3.0023
2.77459
2.92443
2.73517
2.6616
2.868
2.65718
2.61716
3.0498
2.66901
2.59647
2.80574
2.60193
2.78548
3.0644
2.82692
2.29476
2.79936
2.46989
2.83278
2.36609
3.2005
2.78571
3.01651
2.8787
2.93264
2.84323
2.96791
3.102
2.764
2.9856
2.91268
2.96023
3.25328
2.95817
2.87172
2.67964
2.80776
2.71626
2.8559
2.98587
3.21155
2.40687
3.1994
2.73672
2.39897
2.98167
2.86466
2.74073
2.45753
2.45606
2.44972
2.45404
2.53059
3.15887
3.27408
2.77714
3.05827
3.22066
2.972
3.37343
3.17685
2.43325
3.28482
2.57453
2.85392
3.09074
3.21977
3.25345
3.59919
2.80029
3.27625
3.32454
2.83396
2.4828
2.5523
3.12496
2.93138
2.83835
2.78774
2.62326
2.87721
3.16981
2.59253
2.34029
3.02498
2.83211
2.71209
3.04701
3.2071
2.94823
2.86051
2.42036
2.45342
2.28415
2.97576
2.79843
2.7843
2.8366
2.96855
2.97314
2.87115
2.75592
2.57149
2.87579
2.87214
2.92399
3.0328
2.9394
3.37045
3.10177
2.95354
3.32597
2.83197
3.1958
2.41864
2.92125
3.01679
2.93187
2.77067
3.22858
3.06242
2.79509
2.97549
2.40076
2.54792
2.88631
2.62369
2.48605
2.49244
2.83073
2.63589
2.30979
2.24184
2.73261
2.44377
2.67971
3.13578
2.48191
2.40646
2.83891
2.60597
2.90246
2.37194
2.94078
2.7288
2.4903
2.52476
2.98411
2.73308
2.62368
2.89199
2.68826
2.61592
2.75282
2.65895
2.85514
3.01928
2.72137
2.37627
3.14073
2.78765
2.8245
2.83232
2.97642
2.90826
2.79459
3.03178
3.2238
2.95403
2.53638
2.6169
3.28263
2.74981
3.06544
2.85052
3.52453
3.27044
2.87924
2.73436
2.87425
2.82725
2.49585
2.71614
2.52225
2.44638
2.50939
2.96013
2.59293
2.89138
2.7408
2.60741
2.56143
3.04856
3.06058
2.91311
2.85397
3.22725
2.97657
3.01106
3.02356
2.93339
2.4404
2.64601
2.33779
2.66945
2.96015
2.77121
2.66786
2.96639
2.78675
2.76316
2.90949
2.43741
2.79315
2.70115
2.57106
3.39359
2.78321
2.99189
2.51736
3.2137
2.98422
2.883
2.4763
2.83016
2.79599
3.18815
2.44185
2.92486
2.51107
2.64883
2.64827
2.35611
2.97356
2.68677
2.88847
2.77268
2.68379
2.94925
2.67384
2.65777
2.65003
2.6099
