4.08255
3.86236
4.49078
3.84555
4.25131
4.14242
4.69416
4.07643
3.91741
4.3278
4.09976
3.98605
4.05588
4.19802
3.96097
4.2191
4.22299
4.07489
4.02809
3.7911
3.97153
4.23109
3.98579
4.37246
4.07073
3.90283
4.27727
4.17261
4.36926
4.21134
3.91727
3.94882
4.41953
3.95592
4.18679
4.2448
3.95305
4.15129
3.82987
4.05407
3.97973
4.14529
4.02162
3.8809
3.78283
3.91256
3.95612
3.97949
3.93281
4.16834
3.91613
3.93682
3.91878
4.10062
3.9276
3.90159
3.86802
4.07317
4.1519
3.86151
3.68394
4.17854
4.30893
3.60532
4.06562
4.00262
3.69782
4.13148
4.10951
3.78206
4.19538
3.91889
4.02899
3.93318
3.79366
4.435
4.27272
3.93383
4.06884
4.31044
4.02131
4.15446
3.51051
4.06924
4.06779
3.59385
4.15843
4.06853
3.82287
4.2676
4.13472
4.42347
3.86495
3.74689
3.94951
4.35553
3.68654
3.96594
4.57706
3.79827
4.38545
4.22343
4.08535
4.03879
4.45368
4.12325
4.04534
4.01349
3.83083
3.93135
4.13697
4.10043
3.78994
3.78053
4.41019
4.44456
4.03485
3.90009
4.39619
4.37572
4.22857
4.52834
4.05611
3.92876
4.4832
3.85846
4.27667
4.41078
4.45964
4.41643
4.60865
4.0622
3.74398
4.2521
4.15574
4.32837
3.84026
4.03276
4.33509
4.19279
3.99367
4.11969
4.41116
4.20394
4.16588
4.05218
4.01596
4.22115
4.40275
4.28594
3.96743
4.49641
3.72265
4.18903
3.7008
4.3039
4.14382
4.25148
4.1591
4.26789
4.49548
4.22941
4.1304
4.05121
3.69145
3.90309
4.16592
4.02283
3.85838
4.18428
4.20814
4.1758
4.08878
4.24483
3.90463
4.15206
4.18348
4.36673
4.51629
4.05694
4.38607
3.8796
4.49164
4.10837
4.05656
4.12444
4.00752
4.04357
4.24045
4.00747
4.13404
4.28419
3.79808
4.30671
4.06318
4.45279
4.41582
4.07615
3.8405
4.02055
4.14667
4.25167
3.95263
4.19013
4.32832
3.97278
3.61741
3.96871
4.3102
3.93104
4.11003
4.47423
4.33781
3.96433
3.84483
4.1762
4.39924
3.8058
3.92037
3.66423
4.16759
3.97088
4.16335
4.06754
4.07553
4.2726
4.04356
4.25597
3.86223
4.08255
3.95811
4.07545
4.0029
3.82713
3.83755
4.20573
4.21099
3.73745
4.05083
4.41348
3.94648
3.17661
3.98074
3.97541
3.74167
4.14967
3.87989
3.6294
4.23351
4.00186
3.98736
3.96871
3.89143
4.00329
4.18954
3.94866
4.20394
4.27195
3.91932
4.03142
4.02905
3.69066
3.82709
4.34609
3.92772
4.29357
3.87698
3.90675
4.08394
4.19414
4.23187
3.86282
4.01507
4.16555
4.03369
3.77139
3.73418
3.74722
3.89582
3.49783
4.22275
3.66709
4.30809
4.25015
4.16555
4.1492
3.96688
3.59391
4.39864
4.04408
4.34922
3.60091
3.99437
4.07779
4.39017
4.10647
3.79185
3.79238
3.50567
4.04087
4.25783
4.00998
4.11346
3.99927
4.50459
4.01202
3.98868
4.19192
4.0659
4.0114
3.98876
4.29017
4.33297
3.86532
4.07832
4.01241
4.2759
3.98185
4.24071
4.21719
3.89424
4.16233
4.08509
4.05227
4.36145
4.03201
4.00079
4.51112
4.18258
3.823
4.02712
4.25073
3.93839
4.29217
4.15933
4.21491
4.53705
3.97434
4.56761
3.85117
3.79809
4.14613
4.30881
4.34899
4.13495
3.76576
3.96954
4.25212
4.12188
4.11402
4.62919
3.92298
4.32683
3.98615
4.25884
3.89172
4.10391
3.91944
3.93664
4.4481
4.14796
3.6749
4.25412
4.04787
4.12632
3.98371
4.29314
3.86462
4.4195
4.05956
3.86407
4.10915
4.13118
3.96166
4.36062
4.35106
4.39549
3.41032
3.98671
4.00027
3.81982
3.97322
3.99374
4.12268
4.34107
4.20458
4.14561
4.25353
3.74062
4.38107
4.44884
3.96956
4.45567
4.36616
3.69379
4.14535
4.48227
3.84595
4.1351
4.45876
4.18066
4.02567
4.16114
4.34035
3.85684
4.25444
3.50808
4.65726
3.84937
4.28243
4.2991
4.22476
3.71814
3.85645
4.38649
4.28954
4.07942
3.91606
3.94297
4.02261
4.4462
4.0563
4.05181
3.97071
4.08963
4.05096
4.17732
4.16737
4.0966
4.1149
4.14761
4.00932
3.76189
3.69216
3.80688
4.29851
4.34448
3.78114
3.96998
4.18903
4.07987
4.15626
4.12075
4.44038
4.00287
3.72313
4.07175
3.80527
3.91432
3.99214
4.12119
3.78185
3.86532
3.95339
4.22381
4.29563
4.2112
3.87387
4.04442
4.12399
4.37679
4.38574
4.01676
3.73456
3.87446
4.54397
3.80307
4.31783
3.8477
4.11379
3.74035
3.97483
4.20158
4.13658
4.10673
4.37234
4.30601
3.893
4.04533
4.14462
4.1449
4.48704
4.25777
4.09123
4.29075
3.73484
4.00855
4.30883
4.41247
4.01331
4.09241
3.6579
4.01855
4.24598
4.12499
3.96936
4.4564
4.20299
3.77269
3.98726
4.47807
4.28985
3.96432
4.00191
4.25648
4.01907
4.50031
4.25924
4.42469
3.70846
4.50235
3.98193
4.33329
4.24645
4.19468
3.90698
4.62484
4.22554
3.84165
3.70047
4.2011
4.27515
4.29499
3.80744
4.1794
4.08847
4.13953
4.78557
3.87374
4.057
3.97886
4.30191
4.13756
4.37557
3.76885
3.8066
4.27011
3.81862
3.82077
4.42559
4.15167
4.96074
3.98006
4.16483
4.10213
3.88638
3.92877
3.89505
4.41087
4.2352
4.16647
4.35934
4.22707
4.32434
3.99372
4.13622
4.09061
4.04534
3.86064
4.17835
3.89692
4.14166
3.47717
4.36976
4.60752
4.16456
4.18361
4.56171
4.08984
3.92624
3.85214
4.25662
4.05937
4.02934
4.21018
4.40922
4.22875
4.19648
3.96152
4.12176
4.14232
4.11188
4.16098
4.07397
3.96586
4.04344
4.32586
4.12142
4.18803
4.10783
4.07012
4.24609
4.36792
4.40163
3.7494
3.89074
4.04809
4.03537
4.2684
3.93149
4.22496
4.07217
3.83676
4.25875
3.91726
4.02684
4.02852
3.77345
3.9988
4.13235
3.9018
3.90572
3.87885
3.80603
4.1305
3.96037
3.8309
4.06276
4.30977
4.08694
4.19896
3.88077
3.88209
4.09949
3.60365
4.02259
3.86424
3.63667
3.61263
4.31618
4.14655
3.75827
3.99642
4.23791
3.93296
4.17159
4.35344
3.99257
3.51192
3.671
4.04189
4.40632
4.09966
3.98082
4.4513
4.01043
3.75224
4.12434
4.17494
4.07348
4.23599
4.32019
4.3679
3.9163
4.12153
3.88921
4.17224
4.06707
3.89898
3.71747
3.75754
3.73743
3.75818
3.90115
3.70858
3.75267
3.90339
3.81241
4.01753
3.85325
3.93588
3.991
3.86637
4.26252
4.05354
4.31932
3.99063
4.06301
4.32006
4.23522
3.74474
3.83308
4.2413
3.892
4.03949
3.96665
4.37447
3.94658
4.39027
3.74092
4.46454
4.30999
4.14642
4.07555
3.89846
4.54661
3.92002
4.07271
4.13628
4.27898
3.65274
4.47333
4.31062
3.69719
4.01587
4.27465
4.19498
4.02398
4.1472
4.46935
4.2319
3.87272
4.16118
3.54845
3.44029
4.34492
4.06261
4.47367
4.43866
4.13085
4.20547
4.48598
4.26614
4.28051
4.5743
3.7299
4.34132
4.00633
4.48092
3.99531
4.24869
4.13228
3.92521
4.70247
4.50889
4.03354
4.26318
3.87593
4.19768
4.20945
4.01314
3.83595
3.97119
3.69994
4.20701
4.28672
3.75508
3.90309
4.42859
4.38518
4.19087
4.12289
4.10652
4.25262
3.87518
4.20458
3.93192
3.9345
3.97099
4.02822
3.77261
4.49141
4.00706
3.96746
3.9035
4.13042
3.66433
3.91183
3.74467
4.09678
3.82358
4.07134
4.22726
4.5359
3.67708
3.77145
3.91476
4.57165
3.67805
4.38731
4.17902
4.41619
4.34527
4.4404
4.124
4.09735
4.27593
3.73792
3.93178
4.30336
3.78043
4.04241
4.42666
3.76911
3.66919
3.99593
3.97053
3.97413
4.02789
4.22378
4.37388
4.20056
3.84281
4.43349
3.91663
4.08537
4.16944
4.2982
4.38183
4.03569
4.00135
4.13092
3.92463
4.03839
4.02903
4.09404
3.70072
4.29144
4.13142
4.03257
3.60279
3.84023
3.86178
3.88335
4.52965
4.2454
4.097
4.22254
3.89769
4.29362
4.13996
3.88746
4.01384
4.08224
4.26802
4.12271
4.15904
4.03687
3.96507
3.71633
3.99707
3.79232
4.19536
3.68427
4.25872
3.92374
3.98442
4.01235
3.948
4.39347
4.16515
3.87986
3.79983
3.52488
4.29004
4.21022
3.98729
4.13514
4.18719
3.98246
4.09658
3.91445
3.72958
4.11892
4.13177
3.9082
3.92871
4.2665
3.87134
4.17495
4.05858
4.19048
3.81617
3.63187
4.02527
4.21149
3.92869
3.72043
3.82167
4.21296
4.27671
3.95898
4.03402
3.72465
3.72459
4.04231
3.84065
3.83149
3.90586
4.3144
4.02891
3.45758
4.18429
4.04806
3.83664
4.16206
4.16714
4.22982
4.05063
4.03629
3.74418
4.04384
4.1172
4.03144
4.21036
4.23054
3.66157
4.2533
4.01877
4.09712
3.88421
3.93807
3.74927
4.03517
4.39553
4.13171
4.08593
3.59386
3.77709
3.99287
4.35365
4.37082
4.24167
3.66084
3.83452
4.08312
4.15956
4.25691
3.98082
3.81339
4.02038
4.0251
3.90382
4.01426
4.0868
4.37297
3.88652
3.92119
4.06111
4.26207
4.02115
3.773
3.60303
4.00423
4.37296
4.16661
3.88932
4.31732
3.94155
4.10744
3.78701
4.46204
4.51393
3.80231
3.80654
3.76212
4.0766
3.98173
4.23861
4.58907
4.37565
4.26054
3.96071
4.12835
4.1525
4.2382
4.14134
3.98789
4.31035
4.4186
4.12182
4.16237
4.10732
4.04442
4.05809
4.10628
3.94638
4.47486
3.80986
4.14686
4.20858
4.24647
3.92706
3.96737
3.59663
4.04788
4.01389
4.12626
4.05756
3.87102
3.7935
4.27414
4.4675
4.2545
4.00755
3.66736
4.472
4.05252
3.8026
3.78727
3.79644
3.93332
3.88159
4.39974
4.29465
3.82228
4.2596
4.5549
3.87091
4.13204
3.87973
3.99279
4.04358
3.83878
3.9201
4.30582
3.83379
3.96372
4.06125
3.83436
3.93371
4.56696
4.31571
4.42047
4.1925
4.26419
3.89387
4.11672
3.81881
4.03825
4.31235
4.01125
4.04681
3.91164
3.99893
3.99153
4.4622
3.46149
3.93888
3.78061
4.17611
3.84743
3.72993
4.17283
4.38548
3.78281
3.97703
4.48682
4.21237
4.61
4.14453
3.91096
4.01765
4.18928
3.80075
4.29925
4.37196
4.04996
3.97636
4.17091
4.1194
4.09241
3.8049
4.19209
4.09403
3.71768
4.27297
3.91453
4.27778
3.99273
4.15928
4.08861
4.2278
3.83983
3.99194
4.01962
4.33018
4.06585
4.01498
4.12759
3.80552
4.02979
4.41044
3.86536
4.53243
4.15952
4.2588
4.09546
3.85922
3.94246
3.78026
4.05609
4.3773
3.83488
4.34437
4.36531
4.15094
4.15742
4.06943
4.10437
4.42807
4.2043
3.78524
4.45133
3.951
4.13747
4.45475
4.34451
3.97881
4.05616
4.0223
4.35958
4.00395
4.26109
4.1753
4.26586
4.08879
3.89468
4.20653
4.07405
3.84655
4.23407
4.0773
4.29428
3.90244
3.79598
4.07619
3.76644
3.66521
3.98603
3.75881
4.09618
4.08905
4.17483
4.05381
3.50601
4.12443
3.73213
3.54698
4.01886
4.00996
3.67134
4.29928
3.78949
3.98638
4.06773
3.93711
3.59053
3.96041
3.72985
4.04465
4.31541
3.68059
3.67859
4.03544
4.10052
3.98364
3.82931
3.44454
3.95345
3.60088
3.54648
3.6533
4.02115
3.92689
4.01093
3.4056
3.80181
4.17153
4.07793
4.074
4.17095
3.76813
3.92532
3.98058
3.74842
3.81054
3.59728
4.02996
3.94519
3.63272
3.76103
4.07116
3.9278
3.91924
4.18146
4.30131
3.73813
3.88484
3.92746
4.09981
4.03292
3.69999
3.88748
4.02272
4.04302
3.91268
4.06531
4.16299
3.53672
4.0123
3.96242
3.99013
3.76926
4.07354
4.02328
3.5018
3.80579
3.50668
4.30243
3.92254
3.68821
4.42659
4.07271
3.66802
4.01629
4.1315
4.03911
3.47525
4.3086
4.24534
4.42651
4.30601
4.27412
4.38397
4.10931
4.39677
4.0848
4.55064
3.77328
3.91267
4.04272
4.40262
4.30552
4.27159
3.74295
4.1021
4.37449
4.29988
4.33155
4.28195
4.3744
4.56801
4.03839
3.73101
3.87011
4.04134
4.05283
3.9817
4.50137
3.60645
3.88528
4.08022
4.54282
4.00183
4.22559
4.3053
4.44356
4.1174
3.97093
4.14644
3.56015
3.78654
3.84074
5.00208
4.43136
3.83141
4.25626
4.21458
3.87162
4.29618
3.90241
4.03824
3.88745
4.11678
4.11592
4.34887
3.87003
3.58935
4.37266
4.13657
4.35426
4.45739
4.37202
4.05567
4.37727
3.99392
4.29233
4.08893
4.03654
3.88241
4.5704
4.46052
4.08967
4.00426
4.24238
4.55923
4.48959
4.58037
4.21327
3.89554
4.20778
4.19181
4.33857
4.26684
4.19871
4.33873
4.16242
4.04675
4.26725
4.44737
4.75169
3.70302
3.98345
4.23926
4.13267
4.20918
4.11603
4.32123
3.90996
4.18091
4.19449
4.3301
4.31854
4.32638
4.16911
4.12754
4.20442
4.56228
3.89069
3.78967
4.15475
3.97071
4.23183
4.17517
4.28102
4.31525
4.35525
4.59096
4.41355
4.23861
3.48034
4.59199
4.21846
4.15125
4.11899
4.42141
4.04672
4.17842
4.23052
3.91637
4.31125
4.11469
4.25675
3.98911
4.16694
4.24517
4.08619
3.97491
4.28361
4.03465
4.57033
4.41763
4.05906
4.26502
4.36327
3.83796
4.3122
4.35658
4.57039
4.52981
4.11174
3.83478
4.30697
4.58414
4.46329
4.39309
4.41749
4.34463
4.3354
3.52929
3.9785
4.03996
3.72449
3.83418
3.9328
4.20329
3.73062
3.86158
4.25066
4.11085
4.45647
3.92145
4.07116
3.96946
4.03161
4.19965
4.22122
4.09414
4.15957
4.12452
4.01425
4.33671
3.85404
3.51169
3.771
4.23258
4.24286
4.14901
4.27638
4.50942
3.98101
3.71242
3.87935
4.25448
3.90888
3.89553
3.84487
4.18004
3.88587
3.79041
3.92126
4.20235
3.96353
3.7973
4.01427
4.21229
3.6236
3.93086
3.91767
4.01088
3.57292
3.874
3.94045
3.80683
4.10971
4.31311
3.95424
4.3072
3.78283
4.09283
3.96955
3.82185
4.15616
3.58077
3.82567
4.06066
3.85564
4.22991
4.21671
3.69768
4.16056
3.92963
4.27901
4.02468
4.06211
4.22477
4.15971
4.45076
3.94781
4.20159
4.23949
4.06683
3.95956
4.10914
3.96752
3.73321
3.83244
4.11761
4.22106
3.98696
3.94652
4.38227
3.88568
4.37838
3.82046
3.79044
4.1108
4.18132
4.11236
3.87594
4.04254
3.7553
3.88446
4.11566
4.032
3.97542
3.32608
4.13519
4.02164
4.09342
4.20217
4.23727
4.02843
4.31822
3.9257
3.77966
3.91637
4.00141
4.23689
3.5594
4.25161
3.86274
3.74811
4.05774
3.95971
3.93406
4.22168
4.10061
4.12846
4.01758
4.06231
3.96834
4.09648
3.92005
3.8599
4.11545
4.23831
3.47879
4.20613
4.07406
3.91465
3.8433
3.96812
4.13348
3.66236
3.70854
3.9391
3.73769
3.60607
3.94669
4.00973
4.06245
3.95163
4.23563
4.28811
4.10422
3.9618
4.00913
3.88099
3.81005
3.80692
3.86829
3.75
4.03278
4.02908
3.93022
4.02299
4.13486
4.12003
3.71131
4.17567
4.19777
4.24963
4.35167
4.18007
4.49083
4.27455
4.22172
4.02022
3.84262
3.88282
4.26687
4.22323
4.35036
3.77229
4.26805
4.05884
4.06921
4.18468
3.99488
4.2224
3.81658
4.1419
3.85934
4.43502
4.26411
4.12284
4.05781
4.20039
4.3727
3.91286
4.07008
4.21134
3.99047
4.28227
4.54955
4.09905
4.43156
4.22333
3.73275
4.26542
4.03928
4.34311
4.0806
4.16372
4.1368
4.0712
4.16762
4.57235
3.97713
4.25663
3.80896
4.41154
4.08926
4.45892
4.1766
3.73608
3.92217
4.32149
4.23455
3.91377
4.15557
4.44793
4.24316
3.76063
3.89205
3.85126
4.42173
3.73078
4.15516
3.94723
3.98325
3.8372
3.81389
3.80718
4.28125
3.83731
4.50163
4.22913
3.98402
4.34964
4.37904
3.8938
4.26563
4.50804
4.25664
4.48036
4.55636
3.82455
4.11157
3.83971
4.06286
4.30557
4.15136
4.26038
4.39961
4.15554
3.95312
4.37612
3.82396
4.25272
4.29882
4.30264
4.15951
4.17929
4.43714
4.56213
4.17042
4.11709
4.18228
4.28495
4.2296
3.82546
4.08596
3.71412
4.19046
4.32341
4.34209
4.22447
4.1604
4.20587
4.39372
4.18323
3.9979
4.42744
4.18159
4.11314
4.46916
4.31662
4.34441
3.90553
4.13482
4.10817
4.3747
3.78841
4.42613
4.04491
4.29493
4.06642
4.12011
3.66025
3.80498
4.12012
4.43084
4.31339
4.1924
3.80814
4.39624
4.33958
3.9964
4.25838
4.53162
4.17567
4.14942
4.15818
4.17646
4.35205
4.22486
3.84347
3.65557
3.56732
3.96009
3.55586
4.11892
4.22726
4.08445
4.28518
4.14685
4.30241
4.06196
3.92163
3.71801
4.11125
3.86494
4.02608
4.19109
3.82067
3.90548
3.63875
3.95406
3.96347
4.13956
4.34593
4.25755
3.81114
3.79941
4.16034
3.94814
3.5701
3.95599
4.06163
4.08537
3.81275
4.22158
3.77556
3.91647
4.0543
4.21453
4.24081
3.83952
3.71924
3.8223
3.85394
3.77333
3.74644
3.60311
3.58555
4.037
3.81575
4.04507
3.8567
3.99261
4.15219
3.98028
3.66409
4.03494
4.35523
3.86843
4.03679
4.19116
3.94126
3.54431
3.59535
4.16973
3.99529
3.90378
4.12545
3.85279
3.85895
4.00686
3.75865
4.1437
4.37338
4.22051
3.61824
3.75254
4.08051
3.64066
4.06369
3.93817
4.27566
3.92712
4.28901
4.0961
4.36616
4.11439
3.9708
3.95412
3.61603
4.18625
3.91274
4.12665
3.91488
3.87379
3.98325
4.01866
4.0771
3.62419
3.68457
4.3346
3.77397
3.97401
3.87092
3.74994
4.06511
3.83301
4.42488
3.74804
3.99879
3.85166
3.96148
3.7113
4.04548
3.97142
3.79013
4.18393
4.2114
3.83448
4.13727
3.78319
4.10291
3.7899
3.85798
3.8479
4.10479
3.68903
3.97075
4.23896
4.00908
3.7815
3.74539
3.89077
4.18786
4.00209
4.1613
3.80639
4.14889
3.72134
3.83687
4.28917
3.6283
4.02321
4.42933
3.90189
3.7926
4.27981
4.01107
4.18662
3.98462
4.12676
3.96547
4.15404
4.19633
4.10284
4.14389
4.13042
3.79626
3.86964
4.2388
3.80392
4.0405
4.07147
4.27127
3.97547
4.06204
4.12075
4.21482
3.71629
3.67999
3.86331
3.64923
4.42302
3.81562
4.02279
3.9354
4.09698
3.97599
4.00332
4.1001
4.04192
4.32255
3.90773
4.34972
4.28153
3.78153
4.16211
4.22375
4.08041
3.79582
3.97878
3.98472
4.25601
4.31877
4.10804
4.31733
4.34719
3.74716
3.85473
4.39206
3.67258
3.70881
3.94548
3.71172
4.03694
4.24307
4.25857
4.22645
3.97552
4.03284
4.13172
3.76173
3.91135
3.95898
4.0507
3.75036
4.16019
3.88197
4.02166
3.79232
3.77663
4.00224
3.79876
3.97617
4.49047
3.82479
4.30541
4.26679
4.43169
3.7448
4.16265
4.19833
3.92068
4.04483
3.97308
4.17497
4.2501
4.19271
4.22828
4.49036
4.41205
4.41942
4.33745
4.31214
4.31297
4.21474
4.14368
4.84422
3.9959
4.28831
4.34967
4.23767
3.73049
4.06155
3.60395
3.73642
4.41258
4.51377
4.29949
4.41687
4.42239
4.33916
4.17815
3.93461
4.14559
3.9558
4.04372
3.75234
4.35053
3.46704
4.20498
4.18813
4.37212
4.33454
4.07784
4.15145
4.25735
3.68859
4.08507
4.45691
3.47476
4.45947
4.2731
4.32709
4.32823
4.34303
4.47441
4.11432
4.14317
3.92341
4.18782
4.05943
3.92616
4.30075
4.05142
4.3497
4.25494
4.18027
4.76902
4.15937
4.23776
4.38381
4.09146
4.15933
4.39782
3.88283
4.34697
3.95912
3.69038
3.92035
4.47985
4.31291
3.78224
4.28653
4.04469
4.36072
4.20563
3.98694
4.18218
4.00129
4.30068
3.76783
3.66984
3.86526
3.88525
3.92662
3.80066
4.09466
4.13156
3.91889
3.8323
3.96261
3.93093
4.31134
3.86026
3.97445
4.04951
4.08126
4.03531
3.84458
3.99373
3.76319
3.83139
3.74649
4.03149
3.60921
4.06201
4.17869
4.18252
3.99175
3.79578
3.8879
3.64721
3.69706
3.88936
4.14392
3.48249
3.77408
3.92413
4.18059
3.94162
3.8545
3.97718
4.27183
4.18421
4.07886
3.66945
3.13031
4.19921
4.24276
3.50481
3.83622
3.87875
3.6227
4.75327
3.92829
4.22895
4.11829
3.8628
4.00943
4.11276
4.42667
4.20773
4.00241
4.09046
4.16127
4.05632
4.01277
3.74252
4.07294
4.50324
4.42195
4.36455
4.20598
4.36806
4.51417
4.26532
3.91517
4.33662
4.20331
4.48434
4.07721
4.07628
4.30742
4.31346
3.97712
4.24292
3.97787
4.56727
4.39454
4.26454
4.48189
4.01302
4.29953
4.28446
4.16997
4.16912
4.42671
4.17228
4.12084
4.3325
4.43601
4.55059
4.12505
4.22355
4.60472
3.92474
4.68697
4.44577
3.57755
4.00001
4.18373
4.56978
4.08428
4.33568
4.20429
4.48301
4.35916
4.13906
4.26688
4.10305
4.2545
4.34587
4.1292
4.18961
4.30932
4.14401
4.01282
3.65784
4.59323
4.42848
4.17271
4.18423
4.5027
4.79557
4.10506
4.23795
3.93934
3.92917
4.32662
4.4651
4.33883
4.23014
3.98726
4.29076
3.58196
4.3333
4.08914
4.02597
3.96333
4.36325
4.20895
4.45902
4.1428
4.27685
3.53203
3.98339
3.95151
3.4542
4.17176
4.18043
4.03355
3.95808
4.20876
4.13026
4.08196
3.99464
4.22503
3.95596
3.79203
3.64563
3.92055
4.26899
4.12874
3.79586
4.43346
4.14597
4.10633
4.37277
3.9785
4.01806
4.38224
4.25055
4.09947
4.01635
4.28509
4.05369
4.10724
4.58656
3.80663
4.24965
3.69418
4.07711
3.81162
3.6995
4.41219
3.92215
3.94036
4.28264
4.33553
4.04816
3.9834
3.89553
4.20648
3.99554
4.00524
3.77448
4.40833
4.1087
4.04938
4.14743
3.9989
4.05096
4.19592
4.179
3.87614
3.92902
4.59876
4.04047
4.44923
4.22956
4.31551
4.19102
4.13965
3.88532
4.34607
4.3961
4.23027
4.02024
4.06586
3.98984
3.80295
4.04674
4.13397
4.27073
4.02081
4.14888
3.66711
4.13327
4.25704
4.28278
3.60764
4.02857
3.73135
3.95804
4.0811
4.06986
4.05579
4.16195
3.81374
3.72202
4.38469
4.00834
3.68003
4.29993
4.09009
4.12218
4.27138
4.25
3.84352
4.37265
3.94282
3.90217
3.80392
3.98147
4.37796
3.98966
3.77311
4.1238
4.5183
4.35266
4.07018
4.0334
3.86834
4.18889
4.03742
4.16307
4.5047
4.04329
4.02974
4.57582
4.23257
3.68543
4.32705
4.28468
3.95066
3.29491
4.37414
4.32034
4.12314
4.23379
4.1238
4.31395
4.39241
4.46273
4.37043
4.10753
3.89668
4.07614
4.52759
3.96845
4.49348
4.18516
4.26612
4.5473
4.21274
3.98953
4.20241
4.16932
4.21676
3.71191
4.34525
4.59459
3.97995
4.13538
4.44029
4.01744
3.83989
4.20995
4.29944
4.10848
3.97945
4.20772
4.24303
4.24896
3.95796
4.11253
3.90039
4.18398
4.53031
4.34524
4.1518
3.9655
4.32469
4.25102
3.73679
4.25576
4.18901
3.98104
4.36912
4.20586
4.0711
4.02946
4.12652
4.30018
4.21435
4.55565
3.99616
4.51368
4.15945
4.27034
4.04976
4.33481
4.22577
4.57609
4.49427
4.2071
4.39115
4.53362
4.33484
4.37987
3.80066
4.04045
4.32462
3.88645
4.08265
4.40459
3.85807
4.09422
3.76385
3.91433
4.17376
3.63058
4.31793
4.0903
3.83945
4.33439
4.0381
4.40954
4.20304
4.11317
4.17559
4.3284
3.65686
3.75693
4.20272
3.95777
4.0129
4.20642
4.08276
3.9405
4.11569
3.92642
4.30088
4.49641
4.13096
4.17543
4.47456
4.03402
4.40132
3.79332
3.97242
3.87594
3.31585
4.14642
4.10461
3.87868
3.88289
4.18971
3.71921
4.4596
4.38167
4.27036
3.65009
4.0619
4.1044
4.47755
4.24317
3.87663
4.2631
4.27645
4.08494
4.06515
4.17305
4.35818
3.97286
4.26058
4.10875
4.45213
4.04971
4.19649
4.21903
4.32998
4.15934
4.12532
4.3194
4.12175
3.65933
4.20534
3.67812
3.81311
4.12549
3.79969
3.64529
4.32107
3.8715
4.45129
4.19842
4.03976
4.02046
4.44726
4.08051
4.10572
4.12878
4.06383
4.07238
3.78197
4.28486
3.71828
4.2334
4.14993
4.11472
3.93345
4.36731
4.17994
4.36264
4.16936
4.39179
3.99597
3.92825
4.34066
4.10988
4.12225
4.21943
4.38566
4.2896
3.78954
4.13534
4.29608
3.77505
4.06729
4.51696
3.9536
3.98229
4.12012
3.65601
4.34383
3.9765
4.01127
4.17519
3.99674
4.19476
4.29016
4.13556
4.0771
4.14139
4.34684
4.27057
3.9004
4.06387
4.43307
3.9711
3.91064
3.91691
3.86521
4.42731
3.99195
4.13103
4.05623
4.33469
3.82059
4.34986
4.02805
4.03269
4.11164
3.91148
4.22816
3.64429
4.22791
4.29314
4.32146
3.8122
4.44404
3.67752
4.04334
4.30362
4.21642
3.80244
4.06635
4.10683
3.71688
4.5521
4.0092
4.14524
4.32854
3.72664
4.46492
3.93582
4.13073
4.20016
4.14878
4.13549
3.98058
4.09488
4.09956
4.00886
4.01696
4.0339
4.03291
3.95486
4.47736
3.9957
4.03472
3.79361
3.86738
3.99967
4.00106
4.17797
4.08056
4.26341
4.1889
4.04176
4.40281
3.99554
3.68887
3.35377
4.3411
4.2575
4.10045
4.12706
4.38591
3.88357
4.05971
3.8332
4.45869
4.04978
4.10888
4.60768
4.49285
4.00642
4.06018
3.99626
4.23951
3.89473
4.21886
4.37738
4.34973
4.15329
3.89273
4.0084
4.18475
3.9496
4.21557
4.05064
4.11633
3.95339
4.0633
4.04028
3.93793
4.15732
4.42465
4.19353
3.92749
3.87926
4.01782
4.08603
3.83078
4.20083
4.03789
3.90301
4.46442
4.3228
4.23513
4.11251
4.01321
3.89994
4.11867
3.9649
4.32241
4.30951
4.15138
4.32478
3.96365
3.85706
4.14178
4.23093
4.38913
4.10871
4.14391
4.29133
4.31314
4.02552
3.85184
4.27953
4.51352
4.20014
4.1283
4.28322
4.26223
3.96305
3.69286
4.40149
4.04365
3.98453
3.55497
3.87878
4.07089
3.66978
4.10731
3.74446
4.2333
4.08528
4.06179
4.08773
3.87
3.9369
3.83314
3.94965
3.70314
4.19439
3.91037
3.86638
3.89179
3.95857
4.14227
4.06511
4.31846
3.71668
4.09036
4.13318
3.62809
4.31667
3.61851
3.84241
4.08842
3.78403
4.15025
4.20756
4.20373
3.98367
3.82146
3.82039
3.9984
3.92689
3.85408
4.20696
4.01565
3.86053
4.00831
4.17792
4.05608
3.96408
3.77484
4.31597
3.87408
4.06461
3.94987
3.81306
4.51881
4.21912
3.60836
3.90729
3.75686
4.01763
4.08775
4.03929
4.00057
3.59976
4.39723
4.5849
4.17833
3.88761
4.0484
3.97186
3.87578
4.27568
4.30565
4.02286
4.2744
4.25195
3.99313
4.03766
4.31326
4.64959
3.96102
3.86808
4.23754
4.06023
3.90365
3.97357
4.39873
3.86063
4.34324
4.26964
4.33104
4.07603
4.05847
4.1825
4.15782
4.23077
3.86621
4.34643
4.01763
4.24942
4.11233
4.30642
4.04369
4.41875
4.1815
4.15151
4.16507
3.90918
4.11938
4.03683
4.25271
3.80281
4.03812
4.33641
4.12122
4.12556
4.00903
4.15578
4.33493
4.12508
4.4736
4.2655
4.27147
3.90364
4.4168
4.35002
4.4713
4.0087
3.91636
3.90848
4.38906
4.2037
4.18787
4.33477
4.29898
4.16547
3.89075
3.93029
4.12583
3.97216
4.33412
4.31028
4.16347
4.22708
4.27634
4.0973
4.1239
4.00945
3.98253
3.87119
4.69184
3.69496
4.19094
3.82924
4.44627
3.8301
4.10716
3.9423
4.40629
4.06236
3.74856
3.96531
3.68757
3.86681
3.85678
4.46713
4.29979
4.19632
4.24637
4.26014
3.8167
4.29953
4.16087
4.14612
4.00511
4.03237
4.03969
3.85962
3.86813
3.59254
4.32344
3.99611
4.32329
4.266
3.99443
4.07449
4.27041
4.48531
4.01736
3.83983
3.97943
4.13604
4.16643
4.10944
4.17638
4.12017
4.16506
4.10463
4.35917
4.24733
3.42542
4.42266
4.21428
4.34365
4.07181
4.24626
4.44281
4.33752
4.13723
3.95923
3.9669
4.12636
3.95566
3.93732
4.22684
3.92335
4.1228
4.14685
4.3026
4.46368
4.14182
4.53731
3.90102
4.52283
4.14559
4.06805
4.07538
3.83548
4.16996
4.42354
4.12313
3.83515
4.53049
4.48627
4.0953
3.68952
4.0873
4.17999
4.07114
4.40393
4.24377
4.18327
3.88256
4.19159
3.97366
4.33919
4.18865
4.12633
4.07021
4.31223
4.34569
3.94175
4.12928
3.97369
4.2355
3.92792
4.0788
4.37417
3.72184
4.16379
4.41404
3.86897
3.9821
3.89481
4.26767
4.22585
3.60947
3.54072
4.28353
4.08013
4.27989
4.18009
3.91311
3.61836
4.12906
3.93966
4.21123
4.21477
3.96895
3.79261
4.06232
4.04345
4.1061
4.10645
3.88523
4.55354
4.22946
4.11237
3.97483
3.89322
4.2965
4.02524
4.10772
4.1389
3.84063
4.33723
4.02115
4.06376
4.00047
4.07262
3.72217
3.55797
4.01498
4.34685
4.16557
3.93067
3.96031
4.34757
4.17258
4.12554
4.32418
4.27378
4.24228
4.32809
4.01866
3.95302
3.90428
3.79438
4.12973
4.23771
4.01137
4.18145
4.15534
3.95219
4.02481
4.16918
4.2894
4.48636
4.6996
4.35673
3.95451
4.00535
4.065
3.81352
3.851
4.33759
3.94705
4.11838
3.90224
4.09536
4.07797
4.28027
4.22504
4.34702
4.54875
4.17478
4.22144
4.0858
4.04326
3.76431
4.18592
4.33877
4.1821
4.2839
3.94093
4.04946
4.30126
3.74989
4.21207
3.65617
4.32489
4.09847
4.23108
3.89474
4.09897
4.08138
4.12459
4.24853
4.0885
4.21709
3.91555
4.1516
4.30768
4.05135
4.05601
3.9568
4.42392
4.29567
4.38238
4.34032
4.113
4.31908
3.94144
3.88241
4.30835
3.86709
4.01612
4.10808
4.11439
4.15066
4.00803
4.15988
3.86293
4.17003
4.13618
3.81795
4.12758
4.05254
4.16607
3.72294
4.01094
3.57865
4.14212
4.03966
3.90777
4.41481
3.98918
3.96826
4.3172
3.84183
3.75457
4.05597
3.5837
4.08061
4.30106
4.23129
3.94906
4.07204
3.99734
3.93717
3.98127
3.65737
4.2246
4.05925
3.5918
4.25795
3.97018
3.8441
4.16144
4.16919
3.99377
3.77998
4.12579
3.91624
4.10231
4.1567
4.02609
4.05392
3.97703
4.22989
3.63599
4.20197
4.06121
3.67528
3.81211
4.02784
4.00631
3.87235
3.88218
4.05536
4.07732
3.7331
4.02172
3.54211
4.30968
3.78688
3.70267
3.51455
3.91268
4.31669
4.07956
3.84746
4.02194
3.89163
3.55238
4.22073
3.90382
3.69046
4.03593
3.8171
4.01575
3.81124
3.80176
3.78526
3.74253
4.26882
3.8484
3.96811
3.8558
3.82598
4.26004
3.69245
3.92773
3.86207
3.92993
4.1541
3.76818
3.90623
4.0962
3.85968
3.84779
4.21319
3.61401
3.76764
4.13102
3.89171
3.79887
4.21611
3.97445
3.84818
3.8243
3.69131
3.93577
4.13645
4.00929
4.19563
3.83742
4.01667
4.21785
3.82427
4.23388
4.29131
3.96393
3.92405
3.61926
3.98362
3.8455
3.83607
3.69964
4.01614
3.53113
3.79369
3.93247
4.18094
3.73878
4.06662
4.03975
4.14966
3.57655
4.07791
3.73004
3.62838
3.73873
3.75648
4.51065
4.07258
4.13825
4.02841
4.0267
4.19146
3.62523
3.94943
3.81655
3.65453
4.1804
3.97695
3.96616
3.55574
3.74789
4.27446
3.93364
4.00931
4.24169
3.89876
4.42159
4.14037
3.96469
4.15482
3.89412
3.59222
3.89022
4.30499
4.41155
4.05645
3.94211
4.32811
4.2637
4.31316
4.08698
3.9981
4.18297
4.24275
3.88483
4.09139
4.14825
3.83241
4.09662
3.53397
3.94444
4.22941
4.16346
4.18197
4.05358
3.74768
3.85695
4.32563
4.1041
4.01378
4.01594
3.99297
4.08959
4.15652
4.61722
3.98815
4.17154
4.0783
4.32823
4.03439
3.94724
4.24083
4.49141
4.0032
4.05688
4.13911
3.75511
3.95445
3.85733
4.01172
4.46427
3.66493
4.31754
4.07609
4.25726
4.00886
4.30231
4.25366
3.94408
4.04443
3.92095
4.1563
3.58715
4.19776
3.92246
4.22586
4.13631
3.81357
4.02426
4.34468
4.65766
4.09049
4.10167
4.00973
4.37435
4.17355
4.24843
3.93766
4.52685
4.25144
4.21629
4.14307
3.95203
3.76182
4.29088
3.85911
3.80488
3.91675
3.89457
3.99037
3.99253
4.04964
4.22334
4.0618
4.1209
3.93485
4.37236
3.96464
3.86845
4.0955
4.14559
3.8119
4.09498
4.11833
3.91654
3.74504
4.2145
3.95253
3.93443
3.85477
4.03722
4.28151
4.35553
4.15506
3.90309
4.20734
4.04179
3.99612
4.1147
4.30778
4.11948
4.07191
3.95779
4.1366
4.31193
3.72254
4.1383
3.63185
3.8537
4.31109
3.90682
3.73706
4.01854
4.31745
4.02796
3.98159
4.00059
4.09787
4.59856
3.21148
4.26031
4.17902
4.42458
4.30494
4.05571
4.24516
4.1505
4.06438
4.16214
3.75307
4.15733
4.32288
4.34733
4.43924
4.44322
4.16336
3.97182
3.86657
4.25735
4.44253
3.92912
4.05232
4.25658
4.20122
3.91312
3.88755
4.07243
3.97609
3.91853
3.99436
3.92202
3.61911
4.05722
4.22066
3.95407
3.68331
4.04604
4.1473
4.02899
4.54951
4.20434
4.29058
3.68369
4.01795
4.16292
3.93478
3.99188
4.48312
3.6338
3.72923
3.66903
4.26886
3.98537
3.85302
4.18538
4.15149
4.1584
3.86734
4.01944
3.88718
4.05327
3.99541
4.31542
4.03179
3.6967
4.19324
4.01675
4.23115
3.82407
3.87001
4.01909
3.8876
4.19253
4.22068
4.19054
3.93804
3.63436
4.34468
4.22673
4.01593
4.28565
4.16975
3.92899
3.66596
4.22421
4.04398
4.12143
3.6841
3.93715
4.30683
4.0876
3.78231
3.91311
3.98721
4.6059
4.37649
3.74119
4.14446
3.55686
3.80328
3.73677
4.10015
3.7947
4.02787
4.23835
4.08548
4.28843
3.90372
3.88283
4.10758
4.18043
4.33371
4.07237
4.05471
4.04921
3.99801
4.13634
4.11331
3.96796
4.09034
4.17627
3.96648
3.68678
4.22047
4.05561
4.46381
4.20411
3.92517
4.41481
3.98226
3.94867
4.50646
4.15916
3.84953
4.49817
4.05947
4.00293
4.05345
4.36195
4.29136
4.28618
3.66124
3.94594
4.28707
4.07267
3.94007
4.0798
4.201
4.35548
3.66147
3.8127
4.28104
4.10635
3.97734
4.28337
4.05055
4.07154
4.47675
4.08823
4.00784
4.04593
3.5642
4.52643
4.33171
4.12619
4.11582
4.57661
3.91
4.13666
4.24804
3.82535
4.12335
3.81558
4.03974
3.84177
3.91753
4.6434
4.28043
3.80438
4.15894
4.27066
4.01179
4.21896
4.2483
3.98481
3.69072
4.29198
4.13306
4.2141
3.92163
4.42868
3.82393
4.56128
3.96626
4.18975
3.88434
4.02402
3.48884
3.8197
4.44286
4.30399
3.80451
3.9603
4.14013
4.03144
4.30566
4.3934
4.46182
4.22088
4.32032
3.89416
3.59556
4.76883
3.4364
4.03157
3.92922
4.00765
4.19688
4.16673
3.8984
3.83326
4.44229
4.25934
4.45481
3.75118
3.88433
4.43237
4.25058
4.41132
3.85103
3.90144
4.11286
4.24303
3.86934
3.98611
4.11404
4.14708
3.91902
3.96996
3.93405
4.17101
4.13074
4.00698
4.14763
4.13261
3.54176
4.21275
4.11227
4.47997
4.18997
3.76593
4.24877
3.93212
4.17698
4.6175
3.75277
4.05637
3.97307
4.02
4.04497
4.08491
4.46222
4.61168
4.01353
3.9812
4.00356
4.28326
4.21633
4.32425
3.87773
3.84379
3.98832
4.44286
4.06708
4.03158
3.82962
4.17575
4.02965
3.98316
4.41177
4.16609
3.82667
4.13494
4.23473
4.39259
4.09525
4.13278
4.24375
4.23055
4.09649
4.21146
4.06947
4.43008
4.3193
4.14419
4.18608
4.27644
4.16331
3.92269
4.42749
4.00198
4.16075
4.21049
3.48123
4.14253
3.76592
3.62988
4.04802
3.61113
3.69342
3.49341
4.2083
4.00721
4.17235
3.40446
3.95443
3.63517
3.98107
3.71014
3.94348
3.52339
3.91917
3.94617
3.54943
3.86099
3.73749
4.20161
3.82967
3.94736
4.3597
4.09448
3.75982
3.6371
3.96095
4.39034
4.2455
3.60896
4.31947
3.87689
4.03168
4.14237
3.98969
3.972
3.90546
3.95286
4.07156
4.0484
3.59945
4.03629
4.10021
3.91073
3.67066
3.67389
3.93938
3.57029
4.27248
3.93127
4.09213
3.52649
3.91109
4.22905
4.25641
4.13733
3.54572
4.14668
4.15403
3.98963
3.9724
4.01395
4.15014
4.08091
4.3936
3.81109
3.77233
4.38311
4.31327
4.04696
3.74347
3.93831
4.02993
4.16476
3.78264
4.07666
4.23435
3.76124
3.82777
4.15362
4.03894
4.02204
3.90117
4.22487
4.15633
3.92399
3.97252
3.93102
3.38394
3.52609
4.25159
4.02727
3.95904
3.81866
3.68188
3.57742
4.01457
4.33805
4.12035
4.35346
4.02396
3.89888
4.34018
4.04499
4.10376
4.26919
3.89433
3.98493
4.03123
3.80984
4.23731
4.0546
4.45917
3.74904
4.02706
4.16272
4.40334
4.02958
3.71334
3.98539
3.87068
3.99866
4.39908
3.68807
4.05031
4.04883
3.75657
4.57628
3.83889
3.94084
4.23995
4.15213
4.05576
4.067
4.24374
4.05332
3.94524
3.95777
4.24987
4.32417
4.0866
4.18552
4.12735
3.91408
4.21389
4.1282
3.82266
4.01056
4.33798
4.16441
3.79231
3.7459
3.96567
4.14108
4.24498
4.18852
3.86068
3.61532
3.87524
4.14539
3.97217
4.11633
4.01432
4.04578
4.06155
3.92655
4.1815
4.07614
4.06746
4.24726
3.93875
4.13891
4.15511
3.88479
4.45359
3.68462
3.41695
3.98841
3.80492
4.33806
3.98782
4.31507
3.78968
3.75512
3.97645
3.85679
3.95497
3.94122
3.894
4.10657
3.88382
3.62689
4.02242
3.95624
4.06796
4.09033
3.59172
4.01873
3.76684
3.81611
3.95843
4.36107
3.9901
4.15397
3.8042
3.75683
3.85558
3.68929
4.36259
4.07293
3.94469
3.92673
4.17515
3.42651
3.69498
3.93035
3.62022
3.89616
4.10456
3.90531
4.25325
3.75474
3.89566
4.25453
4.53513
4.08511
4.1077
3.83628
3.92299
4.00979
4.09543
3.94347
4.08435
3.64276
3.75758
3.93147
4.39055
4.12046
4.45177
3.97329
4.47753
3.83122
3.92167
3.99804
3.91045
4.19849
4.26237
4.37778
4.18241
4.6
4.31699
4.0487
3.77812
4.07195
4.452
4.22736
4.15524
4.30949
4.32565
3.96395
4.13597
4.03148
4.15616
4.0262
4.09877
4.38309
4.3586
3.63454
4.15816
4.3354
4.51759
4.14065
4.26783
4.44284
4.08589
4.19293
4.51249
4.25978
3.7684
4.18442
4.05864
3.95322
3.90008
4.30614
4.02699
3.84265
4.20703
4.28623
3.94616
4.07796
4.0297
3.44969
3.70895
3.56591
4.27844
4.09919
3.82545
4.07156
3.93494
3.8614
3.89081
4.24227
3.53826
4.03227
3.93784
4.08412
3.89858
3.76029
3.65372
4.11955
4.02948
4.35317
3.88019
4.26223
4.07318
4.03994
4.11173
4.01574
4.26865
3.73187
3.85527
3.81238
3.92854
3.80794
3.91367
3.68017
4.36436
3.86843
4.15834
3.94783
4.02747
4.20111
4.3296
3.86748
4.02137
3.72002
4.03852
4.39468
4.33873
4.25938
4.41095
3.84062
4.07891
4.13368
4.172
4.26522
4.21045
4.13023
3.94733
4.1277
4.2127
3.96398
4.30695
4.10933
4.03101
4.29041
4.00673
4.02892
4.08103
4.09564
4.43705
3.94437
3.87382
4.31775
4.5047
4.04957
3.6178
3.80822
4.53195
4.1086
3.99602
4.13083
4.06625
3.94755
3.97945
4.01128
3.71336
3.99848
3.90323
4.18842
4.3185
3.99844
4.15365
4.49019
4.04259
4.02527
4.1203
4.47033
4.20187
4.39842
4.19698
4.30397
4.30146
3.96786
4.10408
4.34596
4.05358
4.27831
4.14109
4.2806
4.14495
4.6155
4.1817
4.11682
3.7412
4.36762
4.35359
4.04998
4.11773
3.99756
4.04273
4.25412
3.92896
4.39974
4.21188
4.42943
4.20891
4.4058
4.35646
4.22918
4.24337
3.76043
3.96183
4.28776
4.20255
4.43296
4.12974
4.12564
4.35738
4.00919
3.92974
4.111
3.8737
4.56874
4.03759
4.1459
4.41709
4.09254
4.06384
4.30562
4.22014
3.83363
4.12909
4.14172
4.06112
4.09728
4.0291
4.32998
3.84445
4.21634
4.01405
4.29496
4.09167
4.43832
4.00667
4.40233
3.86358
4.16666
3.94868
4.06791
4.6779
4.28154
4.26525
4.14746
3.90678
4.27093
4.53097
3.84602
3.80855
4.25037
4.0066
4.33447
3.99077
4.21721
4.0273
4.30638
3.97575
4.1164
4.33782
4.0034
4.26694
4.21281
4.34397
3.94653
3.49138
4.07369
4.02908
4.4138
4.23025
4.01859
3.99725
4.17439
3.9937
3.89408
3.72772
3.88575
3.64901
4.08152
4.08984
3.94877
3.77738
4.00228
4.46156
3.99517
4.05271
3.61805
3.96917
4.14763
4.01234
4.01506
3.87977
3.5966
4.11747
3.89099
4.04159
3.86792
3.40925
4.1807
4.05464
4.03065
4.16594
4.20144
4.03515
4.06825
4.11293
3.80607
4.42921
4.25077
4.2001
4.18944
4.22141
3.86271
3.55194
3.78057
3.94898
3.98626
3.93934
3.69563
3.69492
3.95073
3.51225
4.1182
4.36268
3.69977
4.18792
3.96109
3.90091
3.63117
3.90756
4.24479
3.81751
3.77235
4.23614
3.89046
3.2926
3.72929
3.87262
3.96464
3.87001
3.77967
3.87039
3.4232
3.74428
4.20594
4.10249
3.9533
3.67434
4.24576
4.03701
4.4263
4.43733
4.15108
4.0639
4.32266
4.14753
4.23569
4.26632
4.26781
4.05374
4.365
3.97098
4.11012
4.05212
4.08437
4.61324
4.04079
4.29328
4.2191
4.57159
4.65679
4.34532
4.13756
4.28378
3.95046
3.8633
4.15658
4.46265
4.39409
4.1847
4.34726
4.28575
4.26626
4.27651
3.94344
4.12142
3.81234
4.23921
3.55112
4.11344
4.16157
4.16424
4.0925
3.77159
3.96565
3.89528
4.30062
3.99659
3.76622
3.83137
3.92682
3.86195
3.78287
4.10229
4.08366
3.9796
4.65338
3.94167
4.13017
4.32412
4.22354
4.25332
4.17837
4.29324
4.10958
3.99387
4.15895
4.37279
4.27558
4.12981
3.97679
4.19832
3.91536
3.94612
4.2858
4.30562
4.42395
4.02444
4.0911
3.96924
4.09215
3.93168
3.50591
3.86576
4.25823
3.73491
3.77078
4.00515
3.7926
3.74718
3.36744
3.97437
4.08569
3.63238
4.0932
4.23107
4.02493
4.1886
3.81257
4.22156
3.70418
4.03515
4.12933
4.2806
3.96484
3.7421
4.40327
3.84485
3.65002
3.91179
4.44182
3.82451
4.38244
4.12316
4.16687
4.08727
3.89747
3.90715
4.32752
3.85798
3.91306
4.38907
3.99082
4.00161
3.80194
3.6154
3.88228
4.12707
4.00706
3.71043
4.47362
4.26162
4.44281
4.06205
4.11976
4.19564
3.90287
4.01097
4.17573
4.08924
4.11352
3.87895
3.79069
4.37997
4.31616
3.73467
4.14746
4.11753
4.16822
3.93093
3.80248
4.14229
4.00999
4.23899
4.13671
4.03336
3.57004
3.6315
4.12814
3.83094
4.10086
4.16343
3.98134
3.98606
4.18694
4.20869
3.72501
3.85769
3.60274
3.82324
4.32703
4.21427
3.72739
3.98292
3.97727
4.22904
4.06935
3.89058
4.08936
4.03052
3.63823
4.0979
4.4677
4.37475
3.97574
4.33326
3.95744
3.76177
3.95919
4.04523
3.74291
3.94125
3.82082
4.11025
4.02392
4.01494
4.31078
4.3834
4.15438
4.37021
4.17792
3.72761
3.80165
3.97658
4.23483
3.90368
4.09735
4.4434
3.99166
3.97309
3.61602
3.70439
4.30974
4.09421
3.55806
3.56316
4.04258
3.93491
4.34287
4.14898
3.75559
4.29045
4.15038
3.83777
3.97573
4.19312
4.31359
4.11883
4.1898
3.95712
4.16065
3.73924
3.79194
4.38793
4.34423
3.92355
4.15531
3.98046
4.09701
4.22297
4.29175
4.54344
4.06179
4.55932
4.23211
4.32167
4.07844
4.12175
4.0848
4.64088
4.37479
4.51749
4.23208
4.0972
4.2724
4.05296
4.29209
4.41145
4.1366
4.42452
4.65933
4.2359
4.35123
4.14479
4.18386
4.2563
4.3666
3.89289
3.66953
4.48698
4.23691
3.30442
4.41367
4.14751
4.1623
4.04276
4.0095
3.99944
4.30086
4.21272
4.18216
4.29547
4.24805
3.77944
4.08763
4.05421
4.10789
3.99622
4.00388
4.34899
4.58371
4.41294
4.00149
3.64808
4.30668
4.33866
4.29672
4.37574
3.98393
3.69103
4.31293
3.95864
4.16106
3.79089
3.99574
4.1136
3.49797
4.08691
4.0512
4.32676
4.03417
3.89387
4.54388
3.72986
3.73175
4.03053
4.04754
4.24924
3.91958
3.92838
3.69736
3.94078
4.11532
4.20356
4.19551
4.12899
3.78723
4.22032
4.24063
3.98296
4.1364
4.10743
4.20569
3.97204
4.05452
4.22632
3.97318
4.32938
3.82672
3.76248
4.41998
4.03212
4.07704
4.1799
4.3876
4.1996
4.32382
4.30126
4.01526
3.95957
4.56474
4.08854
4.31702
4.38388
3.81105
3.81708
4.0141
4.24118
3.93571
4.19479
3.94899
4.29643
3.95987
4.01884
3.88613
4.24851
4.0021
4.05521
3.83086
4.35492
4.04207
4.28413
3.73749
4.25004
4.03847
3.74865
4.52706
4.18692
4.38074
4.31199
3.97073
4.23344
4.0711
4.05044
4.04565
4.06594
3.90795
3.88086
4.17577
4.31259
4.32883
3.98555
4.12058
4.17386
3.89602
4.16561
4.10795
4.13415
3.98289
3.67717
4.10425
4.19711
4.20191
3.88317
3.89813
4.42408
3.67713
3.88375
3.56873
4.18114
4.00308
4.22577
3.93069
3.90306
3.96504
3.97821
3.93479
3.70268
4.34605
4.06074
3.88272
3.92926
4.11904
4.05361
4.12417
4.22605
3.93422
3.90484
4.12239
3.68527
4.10241
4.1615
3.91805
4.19647
4.37962
4.09579
4.43413
3.89268
4.43032
4.00805
4.52115
3.81845
3.83198
3.88224
4.00532
4.664
4.48985
3.77349
4.16912
4.06055
4.01169
3.602
4.26877
4.11088
4.15842
4.6127
3.89292
4.18906
4.08582
4.2921
4.14049
4.14592
4.35764
4.00113
4.02459
4.12001
4.33108
4.38053
4.25778
4.10314
4.31976
4.20807
4.05931
4.04909
3.76837
3.83348
4.06697
3.99051
3.65709
4.19913
3.94266
4.09816
4.26862
3.75114
4.19246
3.866
3.86062
3.6866
4.35374
4.21438
3.9071
4.17816
4.10655
4.19639
4.05505
3.63613
4.22195
4.31776
3.79938
3.9199
4.13163
4.0566
3.93675
3.99606
3.74736
3.84315
3.92197
4.34018
4.29933
4.06239
4.13495
4.20299
4.24271
4.41637
4.22481
4.40052
4.30277
3.89495
4.04457
4.11922
4.02235
3.84959
4.29561
4.31539
4.06077
4.03437
4.05225
4.57151
4.06847
4.1356
4.11411
3.70893
4.13496
3.61594
3.80096
4.02533
3.78642
4.4128
4.06098
4.25489
4.21848
4.18086
4.05013
4.17297
3.87294
3.88899
4.18852
4.04903
4.03599
4.12805
4.14067
3.95288
3.99338
3.97713
4.09356
4.00069
3.87183
4.16208
3.81802
3.88275
3.7195
3.98996
3.83926
4.34577
3.99246
4.0754
4.27843
4.04147
4.01083
4.12868
4.01237
4.12805
4.02108
4.15792
3.87312
3.79152
3.861
3.96362
4.33199
3.93443
3.83274
3.94247
4.25675
4.00989
4.15197
4.31269
4.18719
4.28874
4.15611
3.90805
4.22114
4.36929
3.7411
3.87039
3.69829
4.14041
4.12628
3.96485
4.29008
3.87074
4.10936
4.43206
4.12068
3.87073
3.99813
4.21387
4.12138
4.00823
3.96499
3.96419
4.05378
3.99323
3.84752
3.99992
3.76556
3.89312
3.72857
3.44905
3.79472
3.87821
3.86492
4.27336
4.09366
4.18974
3.96488
4.44003
3.70177
3.79133
3.92171
3.99727
4.27297
3.80846
3.73823
4.17067
4.05104
4.66463
4.04563
4.20268
4.16116
4.00636
4.00699
4.0669
4.05712
4.142
4.26665
3.93486
4.49148
3.79098
4.0952
4.62308
4.13781
4.06533
4.09704
4.42827
3.97036
4.12364
4.22515
3.96774
3.85576
3.91832
3.804
4.32522
3.9276
3.9196
3.93774
4.21972
4.15309
4.05516
4.24748
3.74085
3.98822
4.09831
3.8137
4.55521
3.77137
4.21089
4.33364
3.79425
4.21857
4.22684
4.20619
3.57642
3.97348
4.2805
3.99872
3.70656
4.283
4.06875
4.54112
4.46114
3.89643
3.95639
4.24923
4.08944
4.14988
4.32392
3.54694
4.05096
4.08212
4.07483
4.08174
4.14871
