9.14102
9.22448
9.26366
9.07976
8.96012
8.95597
9.11418
9.22209
9.36244
9.11213
8.72536
9.17492
9.25991
9.19266
8.96444
9.2154
9.08394
9.25924
9.0158
8.49827
9.08658
8.85328
9.17391
9.04483
9.05957
9.31031
8.96643
8.92229
8.97071
8.98195
9.46251
8.85185
9.30408
9.39795
8.69573
8.88576
8.97209
9.33975
8.85424
9.00732
9.07849
8.98183
9.14638
8.67205
9.18073
8.95035
8.92127
9.43622
9.133
8.92983
8.86317
9.16275
9.19683
9.31835
8.56813
9.12719
9.3662
9.21516
9.48116
9.26467
8.97369
9.13557
8.73401
9.11916
9.27918
9.30954
9.18033
9.0084
9.1657
8.76361
8.9522
8.85493
8.73422
9.2737
9.30634
9.34295
8.74291
9.18487
9.16756
8.86173
9.0111
9.3958
9.35882
9.01175
9.04704
9.55968
8.94537
9.50943
8.96526
8.82399
8.75261
8.98124
8.39526
9.31468
9.32956
9.2759
9.36903
8.96866
9.45811
9.09625
8.94394
9.09161
9.26805
8.97691
9.17707
9.54548
8.65159
9.40484
8.92525
9.05906
9.02354
9.53811
9.32085
8.94418
9.22512
9.2492
9.16913
9.00174
9.10574
8.60815
9.12884
8.89614
9.03828
9.41915
8.80778
9.10068
9.37837
9.19194
9.48248
9.35961
9.12227
9.19854
9.13345
9.24108
9.10386
9.60075
8.86052
9.29798
9.39309
9.53299
9.22389
8.4564
9.35036
9.03039
9.59874
9.65203
8.73705
9.32394
9.10514
8.97239
9.63707
9.3221
9.18105
9.04249
9.21694
9.01828
9.02808
9.33089
9.44591
9.22127
8.96481
8.98076
9.40501
9.47114
8.92291
8.9506
9.2045
9.1708
9.23097
8.97585
9.23041
9.02857
9.52709
9.21109
9.01508
9.26932
8.95728
9.44413
8.75528
9.3463
9.2412
9.30222
9.34778
9.41289
9.38295
9.54088
9.09062
9.58863
9.05424
9.00177
8.91927
9.12129
8.93006
9.40764
9.32054
9.0592
9.13369
9.22396
9.40506
9.3568
8.99507
9.39454
9.17109
9.19088
9.50659
9.38286
8.94309
9.12151
9.34692
9.28307
9.1668
9.49635
9.02677
9.17754
8.95754
8.87049
9.06134
9.23927
8.92964
9.23981
9.09396
9.19293
9.1507
9.37309
9.17926
9.28369
8.67692
9.1662
9.06444
9.08876
9.09122
9.06965
9.30478
8.73961
9.09968
9.32772
9.33215
9.33555
8.81268
9.1149
9.21764
9.56937
9.34566
9.16124
9.31792
9.00511
9.30682
9.25235
9.39244
8.97142
9.30206
9.60175
9.17075
9.10967
9.232
9.08213
9.4846
9.20312
9.23788
9.03144
9.19866
8.88757
8.94138
9.25171
9.39588
9.21533
8.83468
9.29844
9.0027
9.25711
9.15685
9.18808
9.18723
9.55782
9.05263
8.84248
9.72682
9.40377
9.49865
8.95528
9.43782
8.89685
9.04704
9.57726
8.84067
8.76373
9.12167
8.74102
8.98345
8.91906
9.17142
8.8571
8.79741
9.12633
9.00977
9.29132
9.33277
9.09153
9.21506
8.97542
9.06776
9.27539
8.99194
9.03835
9.48322
9.14794
9.05481
9.44527
9.32875
9.04653
8.82199
9.07383
9.16911
9.45924
8.94587
9.1347
9.63744
9.17467
8.95456
9.01204
9.41642
9.38753
9.37648
9.01446
8.8356
9.09792
9.50943
9.22248
8.79232
8.96936
9.0582
9.40625
8.88571
9.27889
9.47001
9.37344
9.31271
8.97035
9.21467
9.52896
9.38892
9.32368
9.18278
9.14268
9.35279
9.2638
8.98237
9.52234
9.32778
9.1441
9.35973
9.53943
9.10016
8.91354
9.37667
9.09528
9.33201
9.15585
9.0867
8.75279
9.47425
8.99476
8.84399
8.8335
9.40032
9.53557
9.28389
9.27355
9.17127
9.08153
8.9862
9.06028
9.16203
9.41916
8.92326
9.32757
9.10785
9.09672
9.1869
9.31765
9.0779
8.94856
9.01292
9.15288
8.91125
9.32958
8.87677
9.02584
9.37485
9.06217
8.86982
9.0343
8.7499
9.29033
8.64735
9.25912
8.80523
8.82875
8.92841
9.47706
8.97468
8.90437
8.89386
8.9561
8.77339
9.05829
8.87703
8.98192
8.85064
8.7174
9.18772
9.40959
9.21984
8.80849
8.97245
8.81761
9.146
8.88131
9.26404
9.01342
8.79746
9.14645
9.08167
8.6971
8.8793
8.88022
8.89227
9.19647
9.29102
8.59021
8.99657
9.0157
9.31865
9.10864
9.24729
8.72671
8.92876
9.18159
9.04375
9.26603
8.85001
9.12989
8.86379
9.43655
9.15305
9.17467
9.00097
8.81463
9.04524
9.42822
9.60704
9.08516
9.25268
8.91345
8.91292
8.86195
8.93268
8.88497
8.94595
8.95261
9.3063
9.22941
8.7954
9.24299
8.73408
8.87339
9.49561
9.00562
9.04165
8.84704
9.2225
8.73121
9.27694
8.98733
8.86962
9.2811
8.83811
8.82141
9.16041
9.10308
9.05102
8.94323
9.02658
8.66413
9.19966
9.29638
9.1251
9.68404
9.29103
9.01788
9.30508
8.97007
9.07648
8.97904
9.03684
9.02846
9.48789
9.00358
8.93109
9.07644
9.27536
9.07053
9.01904
9.17799
9.01621
9.69165
8.50643
9.2853
8.89512
9.09365
9.61888
9.00284
9.42214
9.37471
8.94731
9.02312
9.515
9.10092
9.06523
9.45572
8.87708
9.17667
9.40582
9.00537
9.15868
8.81396
9.49848
9.18707
9.2039
8.75054
9.12125
9.27849
9.49592
8.99987
9.24896
8.97145
9.31812
9.10118
9.25867
9.23511
9.05449
9.32272
9.22409
9.19301
9.43747
9.09803
9.45617
9.07525
9.21924
9.41202
9.0306
9.00145
9.1425
8.99307
9.04272
9.01282
8.90707
9.17882
9.18539
9.14752
9.46563
9.13642
9.06289
9.15332
9.46305
9.31079
9.52618
9.40865
8.95016
9.1208
8.86422
9.42477
9.38705
9.37431
9.21874
9.46894
9.35552
9.17329
9.68918
9.12476
9.22634
8.66043
9.43566
8.88742
9.18143
8.99188
9.00683
9.43741
9.01636
9.4524
9.23531
9.16824
8.93146
9.15908
9.02174
9.04506
8.93809
8.82307
8.84011
8.68599
9.42411
9.18404
9.14659
9.2614
9.35595
9.07433
9.02852
8.80636
9.02415
9.29916
8.91968
8.68466
9.06801
9.37343
9.17499
9.31013
8.76758
8.95809
8.90076
9.01731
9.11363
8.79202
9.10251
9.17443
9.21008
9.17017
9.29134
9.14959
9.26427
9.48017
9.19032
9.07712
9.19496
9.44233
9.03896
9.05665
9.2097
9.19467
8.84165
9.16393
9.1044
8.47159
9.004
8.8351
9.15833
8.92203
9.0311
9.02991
8.92925
9.25224
9.06913
8.85686
9.13865
9.32986
9.07451
9.25759
9.2698
9.29625
9.42668
9.14552
9.43969
9.09441
9.05439
8.9205
8.98075
8.71196
9.03469
8.88531
9.46482
9.2002
8.51923
8.98422
9.19242
9.22234
9.49567
9.49607
8.78817
9.29557
9.09157
9.05726
9.09537
9.40082
9.21198
9.13738
8.91788
9.60718
9.0728
9.33613
8.9415
9.37127
8.99075
9.00909
8.96405
9.32156
9.6819
9.21996
9.21634
9.18191
8.99454
9.17163
9.28883
8.99807
9.54588
8.9976
9.22728
9.05359
8.90425
9.66435
9.01741
8.92583
8.77102
9.40733
9.24868
9.18531
8.95907
9.26869
9.04227
9.21655
9.2552
8.92493
8.86663
9.22335
9.36086
9.71819
9.39858
9.29279
9.13549
8.9216
9.15283
9.22893
9.09874
8.82902
8.96692
8.89713
9.4718
9.00287
9.25353
8.78229
9.09551
9.01133
9.27364
9.30425
9.31741
9.12941
9.17762
9.31006
9.4611
9.34353
9.01548
9.49568
9.1194
9.02991
9.43974
8.65813
9.32973
8.74527
8.87806
9.24599
8.98861
9.11767
9.33728
9.17766
8.99103
9.14106
8.76949
9.24596
9.23377
8.63322
9.32315
9.05549
9.33833
9.16708
9.52908
8.92828
9.26361
9.0392
9.06683
8.98451
9.24702
8.78508
9.08305
9.37226
9.36034
9.04201
8.93792
9.22073
9.20012
9.23769
9.17197
9.13223
9.18779
9.1906
9.2038
9.03168
8.86633
9.45341
9.14123
9.35419
9.4043
8.83732
9.07997
9.49721
9.04494
8.90415
9.29152
9.14725
9.05492
9.31805
8.80111
9.81107
9.27552
9.46312
9.33934
9.56049
9.65295
9.46609
9.41766
9.64366
9.17879
9.38709
8.90179
9.06422
9.40316
8.89468
9.46099
9.2039
9.14662
9.25318
8.72477
9.21013
9.41732
9.24873
9.30728
9.12355
9.18891
9.16983
9.09203
9.20916
9.37577
9.26532
9.08965
9.24254
8.9947
9.43726
9.48655
9.17643
9.06169
8.82377
8.92164
9.22989
9.37064
9.25723
9.42744
8.77772
9.1028
9.48705
8.53834
8.82478
9.16397
9.17102
9.26637
9.14512
9.26188
9.21472
9.09224
9.10148
9.05371
8.86009
9.03452
8.79617
9.20669
9.4618
9.43152
9.29825
9.49677
9.35058
9.38121
9.17788
8.59781
8.68728
8.60963
9.22243
8.88168
8.71972
9.26915
8.91358
9.62415
9.07461
8.90265
8.9912
9.37248
8.8938
9.11487
9.3971
8.92387
9.30335
8.8649
8.77748
8.79544
9.276
9.1056
9.18961
9.31594
9.05457
8.8127
9.23691
9.36044
9.05331
9.10897
9.3704
9.30925
9.05058
9.36386
8.89462
9.00814
8.92449
8.97207
9.03275
8.98818
8.87582
9.50783
8.8886
8.83895
8.93602
9.0178
9.2596
8.68308
9.098
9.00874
9.26521
8.88771
9.27613
8.90252
9.52361
9.42711
9.21752
9.29145
8.96862
8.98172
8.84156
9.23684
9.27315
9.01836
8.7256
9.13711
9.54892
9.21557
8.84751
9.28857
9.68561
9.47588
9.12708
9.43261
9.04377
8.94683
9.58007
9.29382
9.45748
9.15916
9.09407
9.10018
9.13717
9.19867
9.48266
9.43763
9.50319
8.91036
9.26237
9.05966
9.32196
8.76078
9.55459
9.20353
8.76659
9.27072
9.53503
8.96906
9.42576
9.36431
9.42969
9.32362
9.34094
9.68873
9.30823
9.1533
9.4679
9.44314
8.89056
9.6696
9.4246
9.24715
9.01174
9.30489
9.41919
9.0437
9.12786
9.40912
9.04488
9.79788
9.23348
9.33637
9.12441
9.47049
9.22889
9.27288
9.56942
8.80352
9.02488
9.40458
9.25854
9.12161
8.7799
9.38655
9.46578
9.3407
9.30452
9.24792
9.31038
9.23924
9.55626
9.56713
9.2735
9.51629
9.31009
9.15411
9.31491
9.07916
9.09717
9.13294
8.96734
9.62576
9.3091
9.46924
8.92311
8.71308
9.00477
9.41514
9.2793
9.08485
8.97667
9.01845
9.06443
9.48672
9.52469
8.81243
9.26309
8.79581
9.09733
9.55506
9.2502
9.31176
9.02718
9.4416
9.33427
8.82245
9.03409
9.21778
8.74555
9.39092
9.217
8.8746
8.9837
9.00848
8.67074
9.12957
9.01654
9.08785
9.18908
9.16222
9.16252
9.15958
8.72769
8.91238
8.87694
8.99631
8.91918
9.03385
9.04821
8.94274
9.54901
9.04535
8.77978
9.43307
9.35879
9.11102
9.27115
9.40567
9.20556
9.16055
9.39743
9.00214
9.13514
8.74266
8.96875
9.10165
9.28177
8.98923
9.61676
9.15662
9.20535
9.40304
9.13365
9.52316
9.06708
9.46562
9.0844
9.39954
8.59732
9.34269
9.07555
9.19871
8.94786
9.1007
9.06292
8.93882
8.90428
9.17067
8.84927
9.20843
9.17486
9.12584
9.1312
9.14811
8.77247
8.81941
8.79693
9.09379
8.55071
8.95362
8.92384
9.27129
8.77522
9.07769
8.96152
8.59659
8.95805
8.9301
8.56754
8.81252
8.83535
9.4537
8.91099
9.07941
9.37262
9.02795
9.36222
8.84074
8.94374
8.93926
9.04003
9.35573
9.21168
9.05051
8.88462
8.94507
9.06923
8.95316
8.81711
9.26207
8.80904
8.96933
8.80275
9.01654
9.16673
8.69121
8.76337
9.1444
8.9259
9.09911
8.98975
8.99311
8.93826
8.66527
8.91458
9.30107
8.93289
9.16445
8.78177
8.76391
9.20242
9.08694
8.83828
8.52959
9.1202
8.88288
9.0974
8.80459
9.05079
8.32252
8.84454
9.1982
9.18701
8.51307
9.09505
8.99973
8.96818
8.92018
8.90533
8.90677
9.00058
8.21026
9.17411
8.79078
8.76404
8.9032
8.71877
9.15023
8.93182
8.87783
9.43543
8.97826
9.05082
9.38733
9.06521
9.32627
8.81658
9.34482
9.45671
9.03321
8.89088
9.46622
9.49449
9.11655
8.472
8.62762
9.18702
9.45075
9.05012
9.51322
9.12332
8.85143
9.11622
9.09045
8.95722
8.97801
9.53658
9.34974
9.45869
9.09246
9.091
9.08381
8.80273
9.04608
9.21662
9.4863
9.24005
9.26044
8.87965
8.89885
9.08295
9.56753
9.41813
9.27353
9.11163
9.07204
9.09071
8.97816
9.60055
9.04183
9.27664
9.56308
8.95805
9.02077
8.90347
9.68607
8.98944
8.86159
8.89338
8.86284
8.9552
9.36795
9.08135
9.13725
9.34133
8.99997
9.41164
9.25112
9.11437
9.1805
9.15502
9.31591
9.20404
9.45421
9.30943
9.1554
9.39506
9.04027
8.85855
8.87969
8.69297
8.96408
8.87307
9.05522
9.03731
9.31168
9.40963
9.01824
9.16891
8.59923
9.29149
9.16917
9.48974
8.85647
9.20747
8.964
9.46115
9.44885
9.183
9.06636
8.91489
9.23232
9.73035
9.1085
9.2975
9.39415
8.90378
8.82054
9.63449
9.20011
8.90482
9.2573
9.29811
9.38436
9.45988
9.2223
9.03314
9.1757
9.22714
8.87206
9.07803
9.20255
9.32289
9.19999
9.06848
9.37317
9.32623
9.48083
8.93015
9.48587
9.58137
9.27821
9.26239
9.35257
8.7165
9.08275
9.41137
9.20281
8.89213
8.84685
9.23996
9.19037
8.9318
9.1363
8.69498
9.13942
9.16631
9.07423
9.01647
9.45264
8.98697
9.26002
9.34978
9.57971
9.47874
8.9291
9.31144
9.70064
9.15733
9.60584
9.14684
9.19052
9.19307
9.20604
8.89748
9.40081
9.16125
9.16525
9.01686
8.92069
9.19224
9.09034
9.49956
8.72945
9.40678
8.74194
9.20117
8.9331
9.23803
9.11408
9.05294
9.36752
9.21188
8.70442
8.79517
9.297
9.08918
9.07596
9.17564
9.32684
9.53693
9.07157
9.05087
9.15743
8.90543
9.06285
9.35554
9.37074
9.38912
9.00582
9.15035
8.81249
9.27763
9.22098
9.10451
9.13556
9.06294
8.77537
9.14437
9.40288
9.28718
8.78267
9.16569
9.00849
9.65524
9.38827
8.77724
9.39045
8.46705
9.58081
9.42405
9.00153
9.29445
9.22747
9.27452
8.94548
8.90589
9.09377
9.1118
9.45942
9.29335
8.897
9.12459
8.91184
9.08283
9.23174
9.17125
9.22339
9.09698
9.14033
9.07049
9.23695
8.93572
9.31881
9.36872
9.30143
8.9148
9.12907
9.16559
9.27751
9.37643
8.9615
9.15476
8.92181
9.51081
9.41291
9.17564
9.08143
8.98099
9.0812
8.87908
8.80566
8.8594
9.13383
9.5897
8.83311
8.98047
8.95488
8.74196
9.10609
8.81473
8.91427
9.32712
9.30396
9.45632
9.06084
9.01867
8.74039
9.23501
9.56482
9.2226
9.24933
8.84102
9.09825
9.07378
9.15867
9.3001
9.26218
9.27716
8.88487
9.33124
9.3351
9.62425
9.07418
9.14961
9.43788
9.02911
9.14019
8.90363
9.05594
9.00498
8.97202
8.89844
9.20238
9.10163
9.18264
8.92762
9.02914
9.25458
8.91294
9.03445
8.95195
8.84545
9.0686
9.27129
9.22944
8.89363
8.74693
9.26207
9.03539
9.14107
8.93918
8.96105
9.03741
9.34707
9.20923
9.28993
8.96399
9.28943
8.76076
9.41951
9.2465
8.49439
9.07943
9.27883
9.04847
8.95218
9.50687
9.20498
9.19527
8.99367
8.72902
9.16501
9.22368
8.68843
9.02186
9.42815
9.46835
9.26325
9.29939
9.21878
9.60315
8.92974
9.36875
9.39135
9.45389
9.36215
9.23077
9.12078
9.08204
9.34812
9.60833
9.52141
9.57912
9.34353
9.16671
8.9576
9.21867
9.34767
9.2525
8.97114
9.48299
9.59173
8.9481
9.32093
8.86043
9.15512
9.52634
9.00295
9.09078
9.3182
9.29839
9.15924
8.89974
9.09955
9.51789
9.23927
9.36607
9.55351
9.38901
9.157
9.44321
9.09836
8.80806
9.55115
9.25649
9.24518
9.01173
9.41924
9.26806
9.71015
9.1708
9.01429
9.27496
9.22767
9.11731
9.25347
9.21437
9.5782
9.27336
9.32883
9.06268
8.57002
9.27816
9.68305
9.28598
9.26758
9.44469
9.27664
9.02102
9.1659
9.45262
9.21327
8.93837
9.16878
8.89668
9.2415
9.51099
9.27316
9.13006
8.59305
9.15703
9.61108
8.80298
9.00126
9.05585
8.95619
8.86286
9.60115
9.08524
8.60431
9.11633
9.23687
9.27814
9.05348
9.02207
8.94365
9.1376
9.34879
9.31642
9.32998
8.88502
9.20604
8.90736
9.29347
9.45155
9.21187
9.10381
9.62256
9.32912
9.21108
9.01766
9.13757
8.8606
8.905
8.91833
9.80295
9.06757
9.04071
9.2655
9.02825
9.23552
9.06034
9.21722
8.94661
8.90527
8.96403
9.50296
9.15916
9.11232
8.8269
9.44446
9.42029
9.02883
8.95669
9.05063
9.28582
9.41347
9.03398
9.10471
8.92822
9.56727
8.9358
9.29335
9.01623
9.01049
9.17359
9.00908
9.14338
9.09747
9.06677
9.05996
9.29431
8.98364
9.14945
9.03888
9.22693
9.24495
8.83349
9.23951
9.05815
9.00166
9.51629
9.07511
9.15217
9.34577
9.23765
9.2071
9.72691
9.3427
8.90255
9.20106
8.83476
8.95601
9.13475
8.89356
9.22453
9.10934
9.22275
8.97768
9.15355
9.09049
9.08276
9.34448
9.21866
9.33783
8.71923
8.91553
9.13846
9.25617
8.82849
9.1769
9.30372
9.15748
8.90926
9.26957
9.56733
8.87287
9.39697
8.72802
8.86717
9.29842
9.29086
9.12526
8.82789
9.14817
8.73731
9.3149
8.66593
9.22239
8.8765
9.26131
9.01
9.36895
8.77959
9.15635
9.16894
9.16198
9.08336
9.2228
8.78492
9.08994
9.1012
9.32417
9.24871
9.11464
8.90691
9.25057
9.00137
9.13679
9.27851
9.21043
8.96091
9.13311
8.8118
8.96298
8.9334
9.23278
8.7413
9.04091
9.00724
9.23089
8.837
8.86121
8.94085
9.16154
8.81098
9.04713
9.33295
8.9896
9.29559
9.29306
8.75851
9.5468
9.16117
9.04289
8.73964
8.91371
9.20257
9.32465
8.95885
9.19027
9.31231
9.14625
8.81903
9.07642
9.24332
9.13288
9.1507
9.30455
9.50835
9.04133
9.23834
8.80472
9.49712
8.99143
8.9713
9.10342
9.13195
8.94988
8.83674
8.96061
8.79493
8.77777
9.43705
9.47277
9.08779
9.02988
9.2181
9.39407
8.92189
8.9709
8.69584
9.40251
9.04329
8.93272
9.33619
8.99774
9.07002
9.08314
8.80512
9.30594
8.66228
9.07663
9.18937
9.20783
9.18996
9.09973
9.00023
9.20232
9.04298
8.88454
8.55535
8.79991
9.24622
9.15029
9.40672
9.25013
9.00965
9.36701
8.762
8.93676
9.2981
8.77472
9.03714
9.0548
9.25195
9.15898
9.33477
9.31702
9.54456
9.12286
9.0435
8.79738
8.95592
9.57817
8.98732
9.14046
9.22608
9.31067
8.80238
8.75448
9.37982
9.081
8.92464
9.41585
9.28978
8.96995
9.26828
9.02514
9.02414
8.92451
9.16942
9.28487
9.22283
9.28757
8.49048
9.27756
9.30635
9.31205
9.3047
8.99231
9.14725
9.35128
8.81788
9.02445
8.91943
9.28194
9.51037
8.80343
8.9497
9.12661
9.3695
8.93277
8.75734
8.95297
9.27235
9.08113
9.23325
8.63708
9.37753
9.33369
9.31763
9.30694
8.94357
9.00527
8.77804
9.27309
8.90099
8.74539
9.37475
9.12772
8.87141
8.91203
9.1032
9.01012
9.01901
9.16094
8.79639
8.78444
9.27323
8.56478
9.1829
9.22918
9.02273
8.83508
9.13131
9.27801
8.86249
8.78662
9.00844
9.17951
8.9396
8.98275
9.23572
8.89465
9.02544
9.03955
9.1058
9.36019
9.13239
8.68492
8.97386
9.00016
9.06413
9.13033
9.16116
8.94878
9.05237
9.29139
9.08607
8.9586
9.23977
8.5754
8.95185
8.86668
8.96407
9.03009
8.66607
9.10572
8.90374
8.93448
8.97956
8.84942
8.88552
8.97638
8.62093
9.30949
8.89788
9.35672
9.12975
8.97039
8.72706
8.92627
9.12799
8.8313
8.81457
9.07875
8.60191
9.06445
9.1524
9.18693
8.97287
8.56362
9.04179
8.91655
9.22543
9.36005
9.24352
9.21446
9.11377
9.0158
9.41877
9.30091
9.22022
9.06779
9.42687
8.8381
9.23564
9.18129
9.10477
9.10382
9.63712
9.30334
9.34139
9.19276
9.03327
9.166
8.80385
9.17316
8.52824
8.94502
9.51969
8.68697
9.34877
9.1589
9.14665
9.23797
9.41105
9.20262
9.46756
9.02491
8.94114
9.45225
9.01341
9.13585
9.33217
9.0214
9.3954
8.73435
8.7613
8.72334
8.83825
9.31007
9.17591
9.03008
9.52371
8.88917
9.14378
9.23729
8.96269
9.30296
9.06429
8.93597
8.94308
8.87687
9.01577
9.32592
8.95417
9.55278
9.1779
9.31793
8.58397
9.00781
9.02964
9.24107
9.34378
8.86485
9.49081
9.13686
9.38832
8.90766
8.73083
8.68644
9.11287
8.94029
8.95164
9.15313
9.0554
8.79801
9.1358
8.34454
8.76753
9.17597
8.9707
8.77857
8.7031
8.96217
9.04077
9.27988
8.70747
8.93174
8.61401
8.59281
8.63423
8.67444
8.6562
9.07087
8.79153
8.90648
8.85657
8.97007
8.8777
9.28666
9.2495
9.10101
8.91634
9.11861
8.86199
8.95019
8.95586
9.26095
9.07162
9.06549
8.68942
8.98863
8.83316
8.96273
9.18505
8.93227
8.70747
9.15159
9.03368
8.88845
9.22919
8.88165
9.04845
8.84838
8.94442
9.21135
9.28311
8.829
8.9585
8.87436
8.972
9.09529
8.95183
8.96303
9.00997
8.83279
8.65289
9.00465
8.68681
8.79424
8.41542
9.01089
9.16217
9.29543
9.03065
9.06613
9.13687
9.47078
8.75929
9.38819
9.63574
9.1438
9.42789
9.00683
8.93282
9.24906
9.28904
9.44671
8.94745
9.28425
9.0113
9.35556
8.79346
9.47812
9.03384
8.93025
9.05482
8.887
9.31423
9.04166
9.33468
9.1037
9.12384
9.32374
9.21035
9.5228
9.14944
8.98038
9.48904
9.15651
9.00701
9.11592
8.7012
9.101
9.048
8.9136
9.50923
9.27922
9.0209
8.754
8.88671
9.17366
9.19303
8.9377
9.05432
9.35742
9.23875
8.97771
8.95558
8.83721
9.05958
8.96633
8.82022
9.26823
9.02875
9.24499
9.49408
8.84226
8.93928
8.81383
9.26356
9.05246
9.05702
9.02362
8.94663
8.93303
9.308
9.0392
9.61669
9.10191
9.59376
9.24466
9.64579
9.32812
9.29941
8.89946
9.03157
9.58458
9.08011
9.432
9.63504
8.98934
9.7136
9.34078
9.28832
9.19548
9.16153
9.08396
9.6022
9.13889
9.58689
8.97773
9.3982
9.20909
9.12756
9.25684
9.34535
9.8284
9.51612
9.33607
9.29367
9.38557
9.27983
9.44009
9.33795
9.42944
9.1434
9.04915
9.10128
9.28824
9.44437
9.20697
8.9286
9.69496
9.38538
9.42247
9.4643
9.49541
9.28226
9.03321
9.15716
9.11758
9.47731
9.49028
9.09599
9.55549
9.58187
9.44744
9.57747
9.52387
9.04473
8.70496
9.35857
9.33308
9.06867
9.36393
8.86359
9.236
9.14724
9.18572
9.35107
9.33121
9.29538
8.80002
8.8561
9.56503
9.01318
8.95355
9.32913
9.22532
9.05943
9.44038
9.37993
8.981
9.41398
8.8953
9.15743
9.08559
9.17344
8.68623
9.02952
8.97274
8.95382
9.17238
9.57536
9.32782
9.00283
9.23581
9.3633
9.29681
8.99166
9.14357
9.14293
9.02621
8.657
9.30324
9.30537
8.86659
9.50384
8.71991
9.12438
9.41077
9.34645
9.21473
8.68666
8.87734
9.03125
8.49079
8.78726
9.38929
8.98705
8.94509
9.18898
9.59794
9.06934
9.18703
9.33525
9.41817
9.11136
9.41587
9.25841
8.96174
8.68713
9.10601
8.63899
9.04463
9.08148
9.55527
9.21859
9.10199
8.88294
9.26526
9.34692
9.36477
8.9307
8.85935
9.24192
9.01791
8.92315
9.06023
9.34649
8.86802
9.23773
8.97895
9.36215
8.96764
8.954
9.0233
8.91195
9.17788
9.08176
9.31091
8.96303
9.51968
8.77871
9.06505
9.29566
8.95905
9.43491
9.471
8.86896
9.36352
8.87995
8.89331
9.50265
8.84611
8.81236
9.30412
8.85468
9.24736
8.69369
9.10971
8.8797
8.98853
8.84776
8.83759
9.22303
9.28207
8.98799
9.05744
9.03739
9.17446
8.94099
9.10158
9.05478
8.89835
8.76615
9.20835
9.4269
8.98741
9.1472
9.34343
9.01086
8.83094
8.90431
9.12667
9.18728
9.13006
9.05988
8.81158
8.80734
8.94109
8.88604
9.29293
9.24365
9.29407
9.2242
9.29612
8.97003
9.32594
8.93542
8.75815
9.25223
9.30518
9.51224
8.86657
9.28136
9.18059
9.34504
9.20006
8.85552
9.00847
9.06889
8.87301
9.10344
9.09939
9.17822
9.414
9.35466
9.06893
9.002
9.06035
8.72248
9.02772
8.9463
8.99808
9.11171
9.31925
9.04285
9.1867
9.03599
9.05227
9.22589
8.82166
9.08025
8.90978
9.07648
9.17081
9.38432
8.74292
9.2354
9.28942
9.23471
9.20204
9.01657
9.00043
9.34203
9.20917
9.03363
9.10142
9.22093
8.99938
9.27218
8.69038
9.31052
9.07667
8.80724
8.89339
8.91049
9.61013
9.26011
9.44191
9.32995
8.90153
9.43406
9.02187
9.26908
9.07965
9.1387
9.0313
8.56021
9.25524
9.54918
9.32713
9.48749
8.77943
9.3986
9.52435
9.13397
9.18168
9.20329
9.49211
9.53534
9.50962
8.8922
9.57193
9.02707
9.37549
9.2905
9.19843
9.5192
9.19381
9.12
9.48631
9.29132
9.23752
9.26177
9.36569
9.50841
8.8153
8.71194
9.33177
9.46031
9.01366
9.20344
9.17498
9.32064
9.32426
9.14913
9.37628
9.14166
9.52737
9.74424
9.28413
9.13821
9.16013
9.75841
9.1815
9.13708
9.40242
9.10479
9.24687
8.68824
9.05522
9.16062
9.17908
9.21954
9.06456
9.46766
9.02146
9.52171
9.19246
9.35477
9.06164
9.63953
9.42496
9.44243
8.9771
9.28177
9.06416
9.48173
9.39542
9.69232
8.97703
9.31824
9.4555
9.38889
9.30736
9.75693
9.56414
9.72637
9.55463
9.42246
9.49489
9.26781
9.23132
9.6715
9.37726
9.41728
9.45808
9.48358
9.41362
8.74491
9.41098
8.97121
9.15932
9.57365
9.17125
8.98238
8.92418
9.12177
9.42454
9.26539
9.18435
9.05889
9.11895
9.22747
9.2617
9.17751
9.19601
9.44691
8.93125
9.72357
9.66663
9.36734
9.32408
9.30612
9.43356
9.46891
9.65491
8.98504
9.56713
9.41367
9.05772
9.21183
9.49219
9.61631
9.4655
9.58255
8.88997
9.11399
8.99021
8.7751
9.01845
8.87893
9.02638
8.59758
9.01049
8.87571
9.12291
8.84288
8.9422
8.51816
9.13666
9.1848
8.90163
8.80936
9.04182
9.14883
9.37765
9.10662
8.98825
9.06954
9.01119
9.15314
8.98211
9.29983
8.98791
9.12642
9.09713
9.28308
9.34482
9.03396
8.80294
9.0748
9.15534
9.24844
8.98063
8.71567
9.17216
9.05757
8.80708
8.79992
8.54635
8.96352
8.97197
9.27582
8.98974
9.3429
9.18301
8.82405
9.3681
9.2145
9.17731
8.83798
9.30507
8.91129
8.53702
8.88356
9.19192
9.19795
8.57999
9.09269
9.06925
8.77821
8.84755
8.86436
9.30534
9.39236
9.01888
9.17462
8.62349
9.31236
9.19387
8.93311
8.94843
8.92201
8.90786
9.53641
8.89449
8.72982
9.14684
9.12033
9.38869
8.99297
8.92011
9.40641
8.95657
9.00059
9.58105
9.15713
8.96059
9.26882
9.07288
8.86742
8.79248
9.05354
9.34427
9.07132
9.01985
8.90052
8.93918
9.25309
9.25834
9.30289
8.89083
9.22158
9.49425
9.00117
9.07195
9.0171
9.20529
9.50644
9.19694
9.2966
9.30383
9.11046
8.97529
9.04083
9.26328
9.12537
9.20013
9.23443
8.87942
9.26803
9.0962
9.23546
9.12769
9.0509
9.49183
9.05092
9.28485
9.41165
9.09877
9.23755
8.96508
9.02243
9.07237
9.27385
8.88288
9.42566
9.0242
9.3816
9.13847
9.00147
9.39061
8.99373
9.29732
9.14281
9.17793
9.51464
9.33945
9.25366
9.40503
9.03968
9.16643
9.13107
9.03326
9.40824
9.3969
9.18962
9.17538
9.31938
9.08402
8.89981
9.15225
9.01826
8.97079
8.83712
9.04981
9.18968
9.2168
8.99653
9.65146
9.21324
9.33252
9.36375
9.70486
9.33527
9.03446
9.43874
9.24374
8.66495
9.02042
8.95382
9.095
9.42337
9.36175
9.28435
8.89336
9.1813
9.17953
8.92681
9.30766
9.66684
9.42699
9.2643
8.69407
9.15153
9.18069
9.08275
9.15689
9.23682
9.43129
9.14323
9.00896
8.88269
8.71844
9.14044
9.22729
9.27653
9.16326
9.1683
8.98403
9.29008
9.07567
9.09564
9.30516
9.34189
9.12242
9.44137
9.46401
8.95739
8.94471
8.99588
9.26929
9.36834
8.81035
9.16808
8.49993
9.07327
9.14303
8.89173
9.00051
9.03204
9.27454
9.3408
8.89719
9.15912
9.20262
8.80392
9.05551
9.20474
9.18964
9.13061
9.34755
8.89505
9.35287
8.93365
9.34016
9.10914
9.16105
8.81283
9.19388
9.01254
9.17601
9.01889
9.0997
8.91064
8.69038
9.18805
9.35053
8.93933
9.13172
9.13601
9.04097
9.24524
9.1269
9.09492
9.17711
9.12079
9.39775
9.25227
8.97398
8.82948
8.92225
9.28088
9.1414
9.31532
9.16811
9.15781
9.15846
9.20164
9.4308
9.05781
9.24299
9.23039
9.06453
9.31003
9.5383
9.29693
9.13543
8.8278
9.33544
9.17136
9.10428
8.76642
9.21224
8.71637
9.03449
9.21119
8.87629
9.2677
9.20739
8.99055
9.07371
9.00871
9.15856
9.39549
9.21351
9.61528
8.76897
9.00399
9.28463
8.9698
8.84251
8.74981
9.19931
9.01918
9.14968
9.22258
9.10167
9.04937
9.24711
9.07294
9.22743
9.06798
9.43523
9.29399
9.06675
8.5951
9.18548
8.96549
9.05739
9.34611
8.99886
9.39151
8.98834
8.85345
9.39657
9.00249
8.83471
8.82834
9.11167
9.34595
8.95804
9.44621
9.06323
9.1136
8.82485
8.99172
8.9708
8.83885
9.30889
8.57248
9.41928
8.83794
9.10241
9.12347
8.9436
9.05133
9.56661
9.30079
8.59066
9.07838
8.88347
9.32423
8.68929
8.86606
9.15869
9.18117
9.07294
9.09003
9.10407
9.38929
9.18947
8.97659
9.00594
9.02141
8.9119
8.73607
9.38568
9.0473
9.09233
9.36874
9.46885
8.96088
9.28414
9.35563
9.48682
9.19
9.49371
8.98018
9.04116
9.14298
8.73384
8.91469
8.99125
9.21203
9.14672
9.04842
9.52983
9.18287
9.37592
9.17153
9.09476
9.11349
9.16791
9.22536
9.18317
8.87788
9.33854
9.45745
8.82429
9.12609
9.01233
8.97088
9.08264
9.26424
9.1235
9.29347
8.92066
8.98861
9.45164
8.96918
8.96494
9.0589
9.12237
9.52265
9.00243
9.29989
8.9944
9.07102
9.1675
8.76536
9.39692
9.01037
9.15148
9.26906
9.20696
8.96408
9.00721
8.8282
9.11946
9.12956
9.11229
9.76767
8.69764
8.98094
8.9311
9.0849
8.63024
8.85597
8.85165
9.26908
9.02109
8.54404
9.07714
8.94996
9.11084
9.15072
9.43848
8.68843
8.7749
8.82819
9.20123
9.02723
9.44565
8.89026
9.09563
8.75806
9.12965
8.59436
9.2093
8.58045
8.69476
8.89584
9.21487
9.03935
8.8455
9.03346
9.19656
9.30324
9.32411
9.24088
8.78732
9.06042
9.07821
8.85706
9.08223
9.33118
8.80723
9.23887
9.37283
8.62029
8.91978
8.83232
8.70579
8.60322
8.68906
8.86348
9.05388
9.10955
9.30229
9.14524
8.7822
8.89281
9.24004
9.0215
9.30219
9.28184
9.2668
8.80306
9.53517
9.34141
9.18426
8.81934
9.47837
9.20731
9.17287
9.23092
8.84618
8.96146
9.41949
8.97532
9.27191
9.7267
9.03741
9.28344
9.0066
9.57208
9.32934
9.26056
9.27322
8.91075
9.00755
8.97621
9.11542
9.0384
8.93456
9.075
8.61475
9.33464
8.917
9.38697
9.09517
9.36447
9.23841
9.14351
9.14289
9.40424
9.59351
9.6487
9.23736
9.59998
9.28558
9.39561
8.91377
9.09307
9.05577
9.53572
9.13066
9.18647
9.12741
9.37868
9.23598
9.03075
8.94728
9.14215
9.35448
9.59802
9.38168
9.44697
9.12831
9.04378
9.38284
9.21962
9.61761
9.38267
8.97377
9.04864
9.64372
9.46653
9.3052
9.4945
9.19995
9.34206
9.14942
9.37475
9.36973
9.30343
9.3078
8.91138
9.06886
9.26627
9.21217
8.70625
9.21155
9.17208
9.3153
9.1401
9.52717
9.38893
9.17073
9.33495
9.35421
9.09189
9.48124
9.69547
9.68292
9.16522
8.82815
9.35698
9.46749
9.00681
9.3387
9.39254
9.37815
9.02257
9.15304
9.14463
9.4589
9.24014
9.59354
9.19458
9.03533
9.30809
8.94035
9.17761
9.20785
8.93781
9.15438
8.93903
9.05651
9.25185
9.06954
8.77056
9.23494
9.00481
9.56247
9.37263
9.11662
9.02636
9.22946
9.23375
9.46479
8.93136
9.14305
9.01506
8.95253
8.76857
9.06744
8.97542
9.22145
8.71783
8.84933
9.50108
9.11672
9.25402
8.80892
9.19133
9.15118
8.97523
8.99187
9.26647
9.15653
9.38816
9.57652
9.35847
9.31579
9.36443
9.00034
8.94546
8.81457
9.26738
9.18981
8.99668
9.24216
9.17839
9.06181
8.84002
9.25553
9.32833
9.3177
9.26237
9.34573
9.66114
9.31406
9.07893
9.21696
9.27673
9.67829
9.23731
8.80448
9.69909
9.09687
9.15355
9.23693
9.33063
9.21665
8.99281
9.67859
9.37943
9.09884
9.71729
9.23504
9.19457
9.27237
9.52461
9.26672
8.95296
9.05479
9.63428
9.30869
9.01919
9.37971
9.03154
9.23257
9.18152
9.44779
9.36343
9.34107
9.43051
9.38447
9.16358
9.39193
9.36119
9.2826
9.0453
9.34776
9.04535
9.51431
9.47003
9.20193
8.97466
9.44986
9.43133
8.92784
9.1876
9.13108
9.19361
8.98638
9.08584
8.39169
9.43643
8.96092
9.24682
8.74601
9.11078
9.12941
9.12297
9.41514
9.04989
9.73508
9.05079
9.12616
9.20206
9.08562
8.88718
8.7408
8.98842
8.96722
9.0318
8.84379
9.05188
8.828
9.19157
8.95829
8.86652
8.53291
8.82936
9.11471
9.00072
8.95769
9.36469
9.18214
9.24063
9.34598
9.03395
8.92848
8.79303
8.89421
9.26387
8.89477
9.10272
8.52669
9.20919
8.88563
9.38015
9.45367
8.49481
9.0591
8.89657
9.23108
9.17241
9.11281
8.82731
8.91921
8.85239
9.04751
9.3207
9.43415
9.29508
9.30865
9.43291
9.09164
9.41491
9.35996
9.3576
8.78681
9.03349
8.93648
8.90545
9.57747
8.90343
9.07319
9.10511
8.95405
9.09753
8.37891
9.08855
9.28199
9.10097
8.92783
8.79791
9.0297
9.07018
9.03191
9.30524
9.39054
9.24818
9.57369
9.30381
8.86727
8.9259
8.99598
9.2786
9.05134
9.14
9.15791
9.54989
9.08764
9.54461
8.91518
8.69189
9.59959
9.299
8.91957
9.0347
8.69055
9.12002
8.75342
9.24388
9.08899
9.13627
9.2032
8.97711
8.73901
9.34055
9.34796
8.91325
9.14948
8.92096
9.12499
9.13238
8.70573
9.08869
8.83459
8.955
9.33784
8.90904
9.17347
9.20445
9.0009
8.94208
8.92803
8.66649
8.68421
9.30313
9.15485
8.97412
9.22499
9.12844
8.98097
9.06999
9.56482
8.97888
9.22354
9.24779
9.10227
8.67776
8.87379
8.93402
9.32636
8.98852
9.40073
9.25449
8.82635
9.1093
9.24621
9.13326
9.10577
9.18546
8.98824
9.04968
9.53023
8.74217
9.10571
9.0403
9.50292
9.2608
9.27311
9.41539
9.23192
9.13994
9.74141
9.43437
8.89361
9.63671
9.32002
9.23505
8.93557
8.97129
8.86427
8.89591
9.70715
9.5436
9.05374
9.11359
9.39117
9.04974
9.12503
8.79619
9.06421
9.65299
9.31678
9.10356
9.33486
9.35681
9.07106
9.09516
8.87917
8.94901
8.96071
8.90658
8.54892
9.08736
9.18707
9.43922
8.96358
8.89884
9.17187
8.90542
9.34736
9.17064
8.92232
9.45371
9.21122
8.80559
9.18039
9.12408
9.15408
9.32043
9.20833
9.11695
9.00227
8.95559
9.27226
9.05061
9.05274
8.90002
9.22725
9.44183
9.28635
9.11351
8.79134
9.01883
9.16575
8.99242
9.14786
9.19229
9.59259
9.10371
9.18236
9.23073
9.00212
9.25607
9.23219
9.40533
8.84449
9.62265
9.26139
9.57823
9.03313
9.30517
9.51803
9.22825
8.91337
9.02773
8.90242
9.13656
9.34697
8.78781
9.37995
8.93047
9.39185
9.47318
9.10533
9.20988
9.56133
9.15323
9.26927
9.02799
9.22576
9.21311
9.05603
9.01759
9.03273
9.03034
9.37838
8.86772
8.92851
9.2319
8.79492
9.27215
9.7529
9.2818
9.38168
8.91282
9.10755
9.15417
9.2201
9.44672
8.9803
8.97171
9.55465
9.14037
8.93801
9.49982
9.07802
9.52534
8.99
9.20823
8.7405
9.19566
8.90562
9.50701
9.15374
9.45064
9.46241
9.12686
9.40814
9.28411
8.98685
9.2149
9.47255
9.15793
8.92982
8.89761
8.87716
9.31753
9.23521
8.93204
9.17782
9.12842
9.25336
9.17485
9.05511
9.38182
8.95807
8.80211
8.78751
9.10538
8.96103
8.82881
9.11244
9.09917
9.42539
8.86146
9.02772
9.07073
8.88104
9.13554
9.18192
8.91754
8.84646
9.3538
9.31132
9.05064
9.2463
9.01749
9.2253
8.72699
9.36827
9.17394
9.35045
9.08171
9.08557
9.25187
8.75106
9.10784
8.825
9.28372
9.30012
9.40044
9.09792
9.20761
9.46023
9.19764
9.24997
9.16673
9.34456
9.54242
9.57996
9.58464
9.28264
9.37388
9.21218
9.08857
9.56884
9.23762
9.31834
8.9109
9.02942
9.50818
9.35313
9.02393
9.13597
9.52914
9.0109
8.77639
9.52684
9.50023
9.34134
9.05314
9.37676
9.10815
8.62425
9.42569
8.97999
8.88445
9.27376
8.80592
9.2034
9.28987
9.24366
9.2696
9.06691
9.42462
9.04557
8.95856
8.99544
9.09811
9.26575
9.18387
9.2063
8.9799
8.71563
8.96467
9.04109
9.02829
9.17561
8.99357
9.41562
8.52471
8.95205
8.71649
8.74442
8.96475
8.88362
8.9226
9.01348
8.95838
9.11154
9.35482
8.90756
9.06709
8.9207
8.81009
8.79249
9.5968
8.99244
9.33265
9.15965
9.13893
9.19142
9.26769
8.97849
9.27206
8.98222
9.40331
9.11869
8.8135
8.9701
9.13144
9.39653
9.53713
9.21421
9.31047
9.57914
8.99077
9.25738
9.15126
9.12301
9.47638
9.18241
9.52371
9.12349
9.33673
8.869
9.03256
8.96861
9.0709
9.10936
9.20865
9.07043
9.00439
9.45029
8.92799
9.27976
8.96086
9.33353
9.19833
9.3784
8.88807
9.21801
9.58385
9.31995
9.20176
9.43491
9.47055
9.3593
9.18547
9.00563
8.86158
8.97117
9.32008
8.97092
9.28016
8.90546
9.01256
9.35986
9.21472
8.8956
9.26999
9.46412
9.48338
9.93547
9.4953
9.05664
9.3683
9.42093
9.75959
9.23471
9.69956
9.22922
9.65515
9.48144
8.99586
9.04168
8.95826
9.17328
9.21452
9.17694
8.99079
9.57486
9.62778
9.15843
9.48467
9.05449
9.19914
9.78646
9.27957
9.51386
9.24615
9.0609
9.45867
9.14491
9.18827
9.5998
9.14358
9.40627
9.31436
9.30755
9.65521
9.29221
9.57129
8.92856
9.114
8.88058
9.00455
9.34316
9.02028
9.26561
8.72696
8.86241
9.28485
9.1157
9.08448
8.9716
8.86162
8.89387
8.73429
8.80075
8.69557
9.24665
8.84244
8.97283
8.78328
9.11238
8.7173
9.35774
9.20021
9.11114
9.32303
8.94445
9.13436
8.89851
8.80705
8.86208
8.93359
8.95222
8.91958
9.03693
9.34636
9.24387
9.28615
9.44326
9.00338
8.64258
8.99542
9.27202
9.25059
9.24073
9.5325
9.08827
9.18456
9.22692
9.32457
8.99481
9.14797
9.06062
8.88509
8.98721
8.91747
9.26305
8.70236
9.12038
9.14911
9.18316
8.95979
8.64778
9.30421
8.87999
9.12632
9.30477
9.41884
9.38656
9.15076
8.84616
9.26811
9.09741
9.02051
9.30879
9.24177
9.1112
9.10037
9.00435
9.31688
9.32758
9.25205
9.35531
9.26476
9.22023
9.26993
9.26446
9.28877
9.46028
9.249
8.939
9.26378
9.05718
8.91426
9.65316
8.73776
9.45793
9.1499
9.16407
9.12238
9.31663
9.43
9.28618
9.26137
9.20499
9.2019
9.07404
9.29367
9.363
9.18898
9.34481
9.41556
9.72197
9.49874
8.98936
9.25367
8.98662
9.15327
9.67642
9.38199
9.26604
9.28992
9.50911
9.62141
9.33378
9.11939
9.02925
9.55072
9.22691
9.27319
9.13683
8.73375
9.46449
9.12033
8.86729
9.53544
9.11156
9.33209
9.15204
8.63066
8.76962
8.9265
9.16316
8.95776
9.43413
8.86255
9.21345
9.10894
9.33785
9.17393
9.50523
9.16523
9.52633
9.29439
9.68401
8.88268
9.75775
9.12737
9.35548
9.41304
9.04832
9.26947
9.69378
9.09316
9.46694
9.45775
9.5223
9.80466
9.3624
9.20526
9.02769
9.50824
9.12037
9.41911
9.38704
8.98175
9.04129
9.17755
8.67671
9.1142
9.1665
8.85522
9.16296
9.68594
9.30426
9.06234
8.78361
9.50889
9.43241
9.121
9.3885
9.33085
9.42974
9.12647
9.35186
9.19963
9.231
9.25826
9.09152
9.34619
9.36773
9.06646
9.21247
9.22706
9.46948
9.49421
9.44494
9.24095
9.20744
9.25503
9.44308
9.60712
9.59356
9.02631
9.49559
9.20178
9.23568
9.11522
9.12132
8.99329
9.31412
8.71454
9.08934
9.02097
9.13771
8.84087
9.40128
9.36738
9.25012
8.84448
9.21082
9.33364
9.50056
8.91988
9.21129
9.26487
9.51301
9.3002
8.8971
9.42385
8.96529
9.16141
8.98927
8.79294
9.25926
9.41795
9.43238
9.23481
8.86684
9.21464
9.31104
9.14176
8.80102
9.31092
9.32506
9.15546
9.24973
9.1862
9.32509
9.13266
9.25793
9.06695
9.20125
9.01619
9.28381
9.23116
9.54014
9.31604
9.45201
8.989
9.25935
9.07645
9.29395
9.27378
9.59316
9.30501
9.24409
9.43711
9.20685
9.32551
9.06737
9.02643
8.96911
9.25975
9.21669
8.88044
9.55477
9.36341
8.78505
9.62307
9.05542
9.1274
9.39375
8.93683
9.19271
9.18185
9.39219
9.4069
9.2165
8.62647
9.12931
9.1529
9.39021
8.94439
9.00808
8.93865
9.70738
9.54062
9.44218
9.06516
9.41003
9.27196
9.1321
9.11246
9.66267
9.0663
9.4227
8.9209
9.15299
9.49379
9.12614
9.03694
8.97441
8.7601
8.77995
9.28012
8.7107
8.98039
9.1206
8.78455
8.67591
8.76008
9.13312
9.08068
8.57753
9.03721
8.63623
9.07766
9.03234
8.97173
8.67035
9.01856
8.8552
8.93925
9.19859
8.70856
9.66003
8.67971
9.06287
8.61133
8.77091
9.0307
9.12107
8.73869
8.81529
9.11476
8.95958
9.13017
9.5967
9.42911
9.15956
9.20368
9.37904
8.98112
9.12518
9.11488
8.97926
9.15214
9.00328
9.1644
9.12914
9.23397
9.23108
9.05751
9.15024
9.23587
9.04531
9.33803
8.9111
9.48993
9.28139
9.39149
8.9573
9.5991
9.04912
9.06013
9.46798
8.99039
9.41924
9.19127
9.27763
8.99643
9.5284
9.19373
9.27765
9.02714
8.89004
9.5883
9.25069
9.38262
9.05317
9.22494
9.36245
9.26478
9.74044
9.02421
9.4701
9.13057
9.26977
9.081
9.2983
9.29486
9.48761
9.70626
9.15319
9.52481
9.30409
8.86691
9.05898
9.07887
8.85576
9.57254
9.38139
9.4935
9.36974
9.18187
9.43533
9.35463
8.64233
8.84608
8.93565
9.03387
9.15659
8.81541
9.17009
9.14942
8.81288
8.69195
9.11921
9.35405
9.05711
9.42423
9.19668
8.95824
9.2534
9.23874
9.28581
9.34326
9.10121
9.26146
9.23578
9.11106
9.36767
8.99817
9.22164
9.05574
9.11422
9.23021
8.91344
9.24965
9.18482
8.75528
9.13761
9.24332
9.52495
9.33451
9.33668
9.24998
8.95325
8.97636
9.18297
9.42379
9.31196
9.29564
9.48912
9.68376
9.25106
9.34011
9.52277
9.39333
9.2738
9.24631
9.27959
9.1799
8.80061
9.53136
9.18781
8.94181
9.4929
9.51062
8.93887
9.00767
8.53503
9.00436
8.83292
9.06161
9.071
8.67893
9.26675
8.53263
9.09283
9.0402
9.02994
9.12428
9.21972
8.84271
9.45031
9.29918
9.01896
9.3908
9.06267
9.32305
9.29418
8.86714
8.75483
8.74651
8.69062
9.12292
8.97081
8.92442
9.16384
8.93148
9.16948
9.24137
8.76413
8.74928
8.98905
9.29364
9.30438
8.94586
8.93063
9.18543
9.11069
9.26643
8.91465
9.42909
9.30532
8.64584
9.57536
9.23335
8.84366
9.31648
9.37493
9.10084
8.53576
8.9054
9.0591
9.25592
8.83823
8.96582
9.20118
9.13302
9.16865
9.06907
8.88797
8.99467
9.14957
9.70958
9.50947
9.31424
9.56492
8.98482
9.11659
9.10306
9.04735
9.84947
9.3373
9.03424
9.39381
9.08909
9.45023
9.52461
8.97568
9.42452
9.22162
8.91222
9.10133
9.20849
8.89587
9.48041
9.22712
9.03207
8.69247
8.77701
9.37487
9.14924
8.79819
8.97377
9.32255
8.99272
9.05448
9.27574
9.158
8.97497
9.24594
8.91552
9.13643
8.95818
9.01932
8.87963
8.99733
9.03131
9.33307
8.75298
9.22421
8.9838
8.90204
8.93178
8.81793
9.15824
8.52216
9.011
9.24601
9.20826
8.91545
9.28098
9.15871
8.68039
8.90177
9.40309
9.00735
9.15195
9.49721
9.40435
8.76401
9.07612
9.46717
8.92433
9.01098
8.55066
8.98228
8.7698
8.83302
9.17028
9.17372
9.18452
9.22362
8.75632
8.88417
9.02906
8.90623
9.21055
8.98108
8.68705
9.10913
9.13332
9.07676
9.31389
9.27327
9.18521
8.92361
8.99302
9.16006
8.8121
8.92224
8.75725
9.26299
8.49124
9.34873
8.79222
9.41402
8.80065
9.22607
9.11963
9.53193
9.30659
9.28764
9.35241
9.4264
9.67689
8.82638
9.08794
9.84513
9.22961
9.50359
8.80952
9.10852
8.89528
9.09428
9.11995
9.19414
8.80287
9.10526
8.97624
9.36839
9.27377
9.18339
9.61424
9.18852
8.91417
9.44212
9.13057
9.1691
9.49659
9.01685
9.17952
9.66329
9.62446
8.95939
9.27927
9.28671
9.4512
9.36058
9.21223
9.28304
9.26885
9.28075
9.02202
9.3998
9.24453
9.01025
9.51066
8.67748
8.80997
9.07027
9.4706
9.01596
9.16702
9.41577
9.44023
9.22562
9.30039
9.22869
9.19405
9.19538
8.99635
9.03178
9.29398
9.11598
9.23745
9.23037
9.3551
9.17144
8.87762
8.90007
8.8832
9.02841
8.9329
8.87496
9.02076
9.00756
9.20968
9.18818
8.85898
8.94207
9.14288
8.90458
9.14388
9.26439
8.95166
8.84139
9.29138
9.19401
9.26941
9.53853
8.86355
9.25615
9.43456
8.81722
8.95345
9.22794
9.60468
9.16247
9.29702
9.25593
8.9348
9.10305
8.92024
9.44479
9.01376
9.425
8.76851
9.10542
9.17956
9.03143
9.3669
9.27563
9.28318
9.28527
9.22774
9.17636
9.09692
9.28986
9.37194
9.13431
9.2315
9.407
8.93851
9.15088
9.02989
9.27931
9.00633
8.99891
9.30049
9.22656
9.11491
9.045
9.3662
9.2482
9.31244
8.81987
8.97625
9.58563
9.43869
9.00227
9.45043
9.13666
9.3816
9.10957
9.22598
8.99879
9.2289
8.89019
9.40345
9.25865
9.20082
9.44372
9.09085
8.98674
9.01798
9.09735
9.18615
8.8193
9.35395
9.18165
9.3365
8.78127
9.07975
8.71238
9.33004
8.99389
9.18444
9.27139
8.99547
9.39477
9.09702
9.46258
9.61676
8.94474
9.17171
9.69286
9.05705
8.95422
9.12439
8.95851
9.27205
9.12352
9.34285
9.03391
9.16652
9.25099
9.2851
9.37202
9.6491
9.35876
8.93924
9.54563
9.12402
9.54197
8.86117
9.19861
8.94692
9.25977
9.12985
9.22114
8.9858
9.0633
9.35845
9.41158
9.3013
9.15043
9.51771
9.43843
9.47803
9.13891
9.27655
9.20489
9.10457
9.00461
9.54791
9.34103
8.98892
9.46546
9.19472
9.04238
9.16146
9.34762
9.27279
9.09873
9.03847
9.02024
9.19981
9.34393
9.14116
9.54267
9.44932
9.39392
9.24875
9.33376
9.25452
9.42863
9.10083
9.37631
9.11793
9.06556
9.16209
9.07393
9.49778
8.89976
9.5601
9.14815
9.25542
9.05164
9.01437
9.03019
8.65454
9.34042
9.31483
9.32149
9.10779
8.71969
9.25826
9.80722
9.11165
9.05486
9.57984
9.33277
9.27763
9.12865
9.20903
9.10031
9.19201
9.09329
8.9073
9.191
9.34697
8.92987
9.18518
9.23466
9.54588
9.24751
8.82366
9.37144
9.02914
8.93443
8.95104
9.13385
9.19894
9.27593
9.46061
8.92073
9.34748
8.91409
9.06098
8.87105
9.08997
9.1573
9.26571
8.75393
8.91568
9.10279
9.09731
8.9362
9.24077
9.49374
8.99083
9.28537
9.0495
9.1846
8.67527
8.95947
8.64676
9.53663
8.68804
8.99732
9.37995
8.66648
9.32517
8.80483
9.05681
9.39365
9.01375
9.26417
9.35038
8.90615
8.98043
9.16181
9.15603
