13.0257
13.04
12.8216
12.6002
12.4721
12.6019
13.393
12.7226
13.1192
13.1587
12.8939
12.8987
13.075
12.9762
13.1579
12.9986
12.448
12.3805
13.0493
13.317
12.9672
12.9944
12.8753
12.754
12.9698
12.9258
12.7499
12.6328
12.9023
12.8188
12.4598
12.6318
13.0336
12.9715
13.0475
12.8357
12.971
12.7256
12.6808
12.6214
13.1698
12.6729
13.1796
13.0209
13.0041
12.5782
12.816
12.98
12.759
12.5133
13.0674
12.5979
12.7888
12.9583
12.4049
12.8358
12.8213
12.686
12.9787
12.8716
12.5239
12.7596
12.5838
12.8868
13.0099
13.1372
13.1037
12.4091
12.9134
12.7191
12.6955
12.6825
12.3372
12.995
12.71
12.5323
12.82
12.6819
12.9976
13.245
13.1008
13.0742
12.6118
13.1245
12.95
12.6477
13.0183
12.7348
13.1462
12.9477
13.1209
12.8596
12.774
12.9064
12.7885
12.9934
13.2502
12.8684
12.589
12.9369
12.8883
13.4791
12.8434
12.6835
12.9502
13.1185
13.0115
12.7777
13.1679
13.1017
12.7803
13.0607
13.0711
13.0716
13.0771
12.9557
13.0555
12.7949
12.7668
13.2446
13.0077
12.8312
13.3068
13.0391
12.9551
12.9212
13.1298
12.9817
12.8528
13.0332
13.0486
13.0198
13.358
12.817
13.1799
13.1498
12.8785
12.7133
12.8555
13.3529
12.8143
12.6468
12.9944
13.3421
13.0568
12.8903
12.93
12.5167
12.9412
12.926
12.8346
13.0406
12.9235
12.8168
12.942
12.7085
12.819
12.934
12.5781
13.25
12.6748
12.9526
12.6599
13.0759
13.0106
12.8955
12.9274
13.0724
12.4712
12.9439
12.5345
13.2285
12.4871
12.8685
12.8695
12.824
13.2056
13.0971
13.0411
12.5302
12.9141
12.9587
12.7957
12.8758
12.9793
12.9802
13.1555
12.7234
13.17
12.9768
12.5289
12.9323
12.6099
12.785
12.4779
12.3076
12.7575
13.3635
13.0302
12.8494
12.3934
13.4394
13.02
13.3177
12.8712
13.5695
13.0201
13.1747
12.6972
13.6631
13.3782
13.3151
12.8248
13.4075
12.8746
12.8823
12.9794
12.8515
13.1386
13.0345
12.9374
12.6532
13.1854
13.1446
13.2463
13.1652
12.8269
13.3376
13.0709
12.6051
12.9992
13.0769
13.3331
13.3723
12.9446
13.0691
13.154
13.2252
13.1572
13.2121
13.1195
13.3592
13.163
13.3332
12.6848
12.9961
13.0683
13.1087
13.2158
12.9048
13.023
12.9094
12.7662
12.8641
12.6034
12.7922
13.2222
12.8309
13.2336
13.1137
13.0196
13.0835
13.1657
13.3186
13.1276
13.2331
12.8064
13.0516
13.7254
13.2712
13.075
12.966
12.871
12.9191
12.9556
12.757
12.8551
13.3077
13.3389
12.9751
12.7002
12.831
12.8439
12.9209
12.9623
13.3565
12.8887
12.916
13.0019
13.0739
12.8412
12.9767
12.9162
12.6823
13.0698
12.937
13.1263
12.9976
12.6045
13.0053
12.8262
12.9588
13.0359
12.4791
12.6949
12.6755
12.9051
12.726
12.6905
12.977
13.0227
12.7319
12.608
12.6442
12.5838
13.2354
12.7139
12.8096
12.6933
12.7771
13.05
12.4605
12.9295
12.9066
12.6012
13.0361
12.9211
12.8265
12.8176
12.8979
13.0369
13.116
13.1058
12.888
12.9868
13.1289
12.7901
12.8639
12.9085
13.0052
12.9778
13.0527
12.6874
13.2447
12.8565
12.7636
12.9234
12.3839
12.4436
13.0162
12.7063
12.7734
13.391
13.1747
12.773
12.7735
12.6529
13.1666
12.655
12.8515
12.902
12.9487
12.6236
12.75
12.6161
12.6532
12.8344
12.7103
13.0137
12.9772
13.09
13.152
13.134
12.7573
12.8282
12.6784
13.2648
13.0633
12.7669
12.9236
13.1218
13.4231
12.6972
12.9444
12.959
12.7149
12.7392
12.7751
12.1019
12.9337
13.1097
12.85
12.835
12.5428
13.1882
12.7392
13.0768
13.0159
13.0212
12.9282
12.9481
13.1772
12.9871
13.1041
13.4753
12.8324
12.5212
12.8324
12.8157
12.9565
12.8388
12.771
12.6524
12.6267
12.96
12.7939
12.7881
13.0761
12.9531
12.5908
12.6041
12.6565
13.0208
12.9228
12.8352
13.228
13.1337
12.9941
13.0225
12.8149
13.0206
12.7858
12.8366
13.2268
12.7611
13.0539
13.2709
12.8547
12.7999
12.9477
12.895
13.1235
12.7459
12.8085
13.0594
12.8484
12.7338
13.1037
12.8779
13.2752
12.5519
12.7882
13.0825
12.8584
12.7679
12.8409
12.9153
12.6555
12.3515
12.854
12.9076
12.8084
12.73
12.8583
12.8345
13.2039
12.7233
13.495
13.4701
13.2287
12.6828
13.2852
12.9424
12.7975
12.6598
13.265
13.3622
13.156
12.9448
13.3718
12.8233
12.7585
12.82
12.8556
12.7478
12.7562
12.7915
12.8985
13.1373
12.9205
12.8065
12.9747
12.7256
12.7363
13.0972
13.0378
12.6354
12.4967
13.1504
12.7571
12.6556
13.0659
13.1588
12.7971
13.0304
12.4216
12.8773
12.8496
12.8946
12.8792
12.6804
12.9925
12.8246
13.1735
12.8578
12.9933
12.8252
12.7793
12.8168
12.9531
12.9192
12.4643
12.9678
12.8649
12.786
13.202
12.6249
12.9998
12.6905
12.6609
12.6557
12.6894
13.0323
13.0248
12.6379
13.3174
12.5954
12.8507
12.5052
12.7801
12.877
13.0368
12.973
12.3924
12.8371
13.146
13.5328
12.6807
12.7105
12.8078
12.8225
12.7859
12.9375
13.0291
12.9548
12.3812
12.6838
12.6262
12.5456
13.4312
12.8571
12.9517
12.7923
12.9487
12.9822
12.7444
12.4064
12.4555
12.7394
12.8135
12.9723
12.8726
12.5673
12.4517
12.892
12.6637
12.6914
12.7094
12.6213
12.9965
13.0344
13.0916
12.6494
13.1212
12.9502
12.7213
12.5873
12.8893
13.2347
12.9744
12.8023
12.923
13.0468
12.9653
12.7763
12.3973
12.6939
12.7563
12.3447
12.6189
12.5964
12.9465
12.8784
13.2104
12.9349
13.126
12.8831
12.6102
12.8429
12.8385
12.9412
13.0111
12.6405
12.6953
12.9434
12.8851
12.8765
12.8214
12.8884
12.9684
12.8089
13.0203
12.6358
12.8315
12.7619
12.904
12.8535
12.9257
13.0963
12.844
12.6831
12.9166
12.762
12.7256
12.8789
12.9
12.3985
12.4091
12.8408
12.8517
12.8383
12.9699
12.5447
13.0395
12.6922
12.6438
12.793
12.463
12.7262
12.6709
12.7464
12.8073
13.1355
12.8592
12.928
13.4232
12.8225
12.8111
12.8619
12.4191
12.7993
12.9049
12.8437
12.9545
12.8128
12.6857
12.759
12.837
12.9345
12.5737
12.7848
12.8462
12.8478
12.9788
12.4192
13.1832
13.4837
13.3288
13.5375
12.8638
13.1694
13.2998
12.695
13.3556
13.1559
12.9052
13.1099
12.7571
12.7565
13.1006
12.8342
12.5387
12.7836
13.2272
12.9636
13.1439
12.7313
12.7881
12.9336
12.6439
13.112
13.0691
13.3548
13.2524
13.2199
13.0021
12.8673
13.4419
12.9546
13.1375
12.7502
13.1527
12.8126
13.2517
13.2236
13.0246
13.0946
12.8303
12.9161
12.8984
13.1988
12.9687
13.0997
13.3905
12.8676
13.246
12.9152
13.1306
13.0397
12.8387
13.4592
12.954
12.7341
13.2094
13.0481
13.3675
13.0294
12.9436
13.1402
12.9665
12.7346
13.1143
12.8386
12.9302
13.1764
13.0835
13.1864
13.411
13.2242
13.1307
13.4455
12.6378
13.0249
13.2972
13.1564
13.0486
12.9778
13.0162
12.8425
12.9749
13.0334
13.0229
12.7172
12.9765
12.6751
12.9919
13.0326
12.9713
12.926
13.0883
13.0189
12.9318
13.0206
12.7624
13.2351
12.8591
12.5801
12.5466
13.2173
13.1061
12.7191
12.8819
12.8223
12.8451
12.9946
12.5093
12.7356
12.8745
13.0687
12.694
13.1233
13.0079
13.5188
12.7455
12.9591
12.7034
12.9804
12.6394
12.6877
12.8002
13.1834
12.839
12.812
13.2357
12.9411
12.7715
13.1876
12.9454
12.9257
13.054
12.7399
13.2402
12.7011
12.6114
12.7839
12.5215
12.5394
13.1646
12.7548
12.7231
12.8628
12.8639
12.9995
12.5893
12.8022
12.9496
12.7256
13.2882
12.6209
12.4368
12.8405
12.818
12.2935
12.6938
13.1739
13.3529
12.8903
13.0522
12.9607
13.0101
13.2446
13.2068
12.8699
13.194
13.3599
13.0716
13.4116
12.8256
12.8081
12.7302
13.1639
12.5395
12.8862
12.7268
12.7816
13.0801
12.9913
13.3067
13.1984
12.8656
12.9748
13.0763
12.9551
13.0512
12.7762
13.3179
12.6567
13.2372
12.6314
12.8843
13.0198
12.5409
12.8932
13.2525
13.1762
12.5711
12.9302
13.0913
12.9859
12.89
12.9716
12.8756
13.0689
12.856
12.8486
12.6097
13.2944
12.982
12.5518
12.5003
12.6969
13.1073
13.0966
13.142
13.3111
12.7303
13.5228
13.003
12.8618
13.1577
12.8255
12.8823
12.9337
12.5532
13.081
12.5591
12.8876
13.2732
13.0216
12.5776
13.0492
13.2919
13.0541
12.6249
13.3398
13.245
13.2233
12.9889
12.7362
13.1437
12.5604
13.0194
12.5265
12.859
13.1037
13.114
13.0835
13.279
12.9745
12.9212
12.9308
13.051
12.6348
13.0718
13.0587
12.8778
13.1614
12.8045
12.6634
13.1429
13.2619
12.7414
12.6101
13.0672
13.6103
12.4686
13.0172
13.2251
13.5317
12.6415
12.8802
12.8054
12.5494
13.2533
12.7089
13.2516
12.5671
12.8843
12.4756
12.7372
12.6625
12.7635
12.7764
13.2505
13.1163
13.0486
12.833
13.0034
12.6672
12.6636
12.7387
12.7315
13.0606
13.1532
12.6481
12.6168
13.0154
12.7543
12.8329
12.695
13.2046
13.1987
12.8501
13.0481
12.874
13.5016
12.6813
12.8956
12.9351
12.6499
12.7685
12.7777
12.9298
13.1436
12.8313
12.7077
13.0991
12.6404
12.8377
12.8069
12.8347
13.1355
12.2439
12.711
12.9992
13.1406
13.0439
12.6607
13.0347
12.8772
12.5598
13.3826
13.1596
12.8984
13.2465
13.2478
13.0371
13.0282
12.8695
13.1119
13.1447
12.7896
12.9285
12.8725
12.6709
13.1913
13.3284
12.7309
12.6539
12.7644
12.9204
12.6755
12.8772
13.1302
13.6098
12.8938
13.1816
12.8919
13.331
12.9959
13.161
13.0992
13.1225
13.2088
13.3811
13.5009
13.3697
13.2432
12.8933
12.9921
12.635
12.9589
13.1459
13.2642
13.3836
13.0048
13.264
13.0307
12.8887
12.8885
13.4667
13.3034
12.645
13.1321
12.9798
13.2266
13.5353
13.2339
13.2556
12.7725
13.1147
13.2169
13.0886
13.4085
12.8271
12.939
12.9553
12.9098
12.8892
12.8048
13.2004
13.2404
12.9384
12.8359
13.4717
12.9946
13.1407
12.8557
12.9846
13.4607
13.2286
13.0834
12.7776
12.6743
12.9375
13.1314
13.4072
12.5355
12.7341
13.1912
12.9227
13.0262
13.5364
13.202
13.706
13.2695
13.5506
12.5724
13.236
13.0546
13.4428
13.2658
13.0273
13.3662
13.2931
12.7258
13.0958
13.0517
12.7219
13.1903
12.9974
13.0332
12.6598
13.3707
12.724
13.0576
13.0481
13.276
13.2365
13.0714
12.5485
12.6933
12.8363
12.8202
12.7334
12.6793
13.0882
12.6144
12.9087
12.8685
13.0319
13.1202
13.1229
13.2145
13.4368
13.0898
13.0524
13.0852
13.1966
12.6797
13.3607
12.81
12.9263
13.1266
12.7657
13.0836
13.4816
13.2021
12.9859
12.8277
13.09
12.4886
13.2333
13.4402
13.2289
12.8937
12.7139
12.7473
12.674
13.0017
12.7004
13.14
12.5649
13.1196
12.6522
12.9135
13.3967
13.0257
12.9273
13.3866
12.865
12.4304
13.0632
13.3296
13.0426
12.8582
12.9856
12.9144
12.9738
12.9302
13.3153
13.0058
12.8861
12.95
13.1047
12.7843
13.122
12.8092
13.1815
13.1378
13.1231
12.9859
12.853
13.2989
12.7818
13.0258
12.5196
12.5234
12.8515
12.9515
13.0613
13.2725
12.8356
12.9457
12.9585
13.2067
12.5893
13.1455
12.8167
12.964
12.7109
12.7241
12.8318
12.7834
13.1481
12.6049
13.2168
13.169
12.8465
13.3508
12.9904
12.7501
12.6579
12.6394
12.7288
12.869
12.7414
12.8454
13.0051
12.9416
13.0572
13.1942
13.0559
13.2443
12.8412
12.6564
12.7893
12.9843
12.9133
13.125
13.007
12.9229
12.5686
12.8122
12.8376
12.883
12.9083
13.2449
12.8935
12.9196
12.7318
13.1263
13.1278
13.0552
13.0921
13.1225
13.0735
12.9244
12.8816
12.8407
13.2671
12.7728
12.8295
12.9085
12.8661
12.6906
12.6942
12.8135
12.8456
13.0217
12.6508
13.0349
12.6832
12.6911
12.9917
12.9033
13.0344
12.6455
12.8304
12.5057
13.1362
13.1538
12.5045
12.823
12.8298
12.9469
13.2957
13.3205
13.1436
13.4089
13.237
12.8474
13.1056
12.5491
12.7231
13.3669
12.7611
12.9291
12.637
13.0205
13.1244
12.7924
13.2154
13.1796
12.6874
13.0851
12.7422
12.7895
13.1117
13.0724
12.7437
13.1614
12.868
13.0095
13.1683
12.7132
13.1404
13.2961
13.2712
13.0691
12.5333
13.3627
12.9998
13.0066
13.5282
13.2031
12.9371
12.7495
12.448
12.9276
12.7854
12.7442
13.0396
13.2486
13.0669
12.6624
13.1602
13.1883
12.8628
13.1047
12.906
12.909
12.6114
13.1289
12.9199
12.8542
12.8043
12.6816
12.6136
13.1092
12.8737
12.4492
12.9425
13.0666
12.8572
12.8715
13.0502
12.6293
13.356
13.1256
13.1067
13.1584
13.1381
12.3927
13.0009
13.2959
12.6698
12.604
12.8825
12.9902
13.1226
12.8427
12.5648
13.2235
12.9921
12.8854
12.7669
12.8965
13.0006
12.9741
12.6263
12.6149
12.7111
12.8054
12.6453
12.8079
12.6921
13.0812
12.9838
12.8955
12.9416
12.753
12.6234
12.4953
12.747
12.9205
12.8756
13.0487
13.1061
12.9493
12.7011
13.2709
13.0943
12.7679
12.7596
13.0797
12.9437
12.8997
13.1014
12.9831
12.9161
13.2297
12.6283
12.9766
13.003
12.8178
12.7485
13.2508
12.8678
12.5197
12.243
13.0532
12.644
13.1715
12.7771
12.7727
12.4842
12.6947
13.0902
13.1254
12.9969
12.8658
12.9293
12.4173
13.0873
12.9698
13.2796
13.0202
12.8696
13.0917
12.9337
12.6729
13.0738
13.233
13.0331
13.4237
13.2474
12.9258
12.8599
13.0806
13.1259
12.6137
12.9237
12.9474
12.7966
13.102
13.1271
12.781
12.8325
12.9241
12.7888
13.1411
13.2427
13.0762
13.0323
12.9838
12.7464
12.9709
12.844
13.2576
13.1019
13.1307
13.0815
12.8721
13.2144
13.0533
12.7247
12.8477
13.0042
12.8537
13.0949
13.0978
13.0793
13.1983
13.2591
12.5784
12.7772
13.1226
13.1663
12.9874
13.1576
13.2114
12.6807
13.2741
12.7647
12.7479
12.9464
13.3701
12.9687
13.0056
12.717
12.9914
13.2064
13.1644
13.4663
12.9797
13.0426
12.8663
13.1485
13.0857
12.8718
13.2629
12.8495
12.7688
13.24
12.9253
12.5772
12.9938
12.9649
13.0871
13.1818
12.7154
13.3387
12.9327
13.2707
12.8719
13.2054
13.1812
13.0719
12.5915
12.974
12.9143
12.7634
13.3161
12.6164
12.932
12.7076
12.3434
13.2371
13.1697
12.8649
12.8731
12.6708
12.79
13.052
12.6614
12.5776
12.9377
12.7219
12.4789
12.8045
12.8043
12.7712
12.7511
12.9493
12.724
13.301
12.6107
13.2751
12.7627
13.1294
13.0021
12.8782
12.6979
12.958
12.9668
12.6463
12.8338
12.7502
13.1367
12.8674
12.6085
12.8736
13.0499
12.5182
12.9829
12.6196
12.7428
12.6008
12.9674
12.5618
13.1777
12.9121
12.952
12.3947
13.1488
12.9211
12.6071
12.7973
13.0343
12.6674
12.5451
12.918
13.1348
12.997
12.9458
12.7891
12.758
12.3862
13.1095
13.0456
12.892
12.7647
12.6169
12.8307
12.8088
12.7568
12.9655
12.4488
12.9331
13.1873
12.6534
12.6761
12.7839
12.863
13.1033
12.9753
12.9653
13.1031
12.9628
12.9166
12.3298
13.021
12.9518
12.457
12.642
12.8499
12.4678
12.706
12.5131
12.5604
12.9254
12.587
12.9902
12.6812
12.8672
13.1628
12.8488
12.8654
12.6746
12.9079
12.8502
12.8309
12.8899
12.6141
12.655
12.5095
12.8199
12.7406
12.7162
12.6775
12.9434
12.675
12.7152
12.8183
12.7009
12.7734
13.0254
12.8029
13.0938
12.7568
12.7912
12.9433
12.5719
12.7547
12.3048
13.0519
12.9001
12.3769
12.9019
12.9727
12.9057
12.5099
12.8974
12.8794
12.5777
12.7371
12.7654
12.3786
12.37
13.0497
12.9707
12.6319
12.8111
12.9594
12.8685
13.2561
12.4661
12.4981
12.6406
12.6858
12.9873
12.5666
12.5804
12.6851
12.5718
12.9288
12.8525
12.49
12.6259
13.2835
13.1684
13.4286
13.1034
12.6237
13.1757
13.1109
12.7829
12.9699
12.9287
13.4142
13.0427
13.258
13.0572
13.4555
13.381
13.1982
13.413
12.9585
13.081
12.6698
12.851
12.9234
13.0804
12.6165
13.4748
12.8863
12.8664
13.2923
12.479
12.853
13.3426
13.0375
12.8178
13.1955
12.8673
13.4121
12.9779
13.0311
12.7693
13.1165
12.504
13.3699
13.0335
13.5961
12.9251
13.4744
13.5328
12.8919
13.1176
13.1728
13.1196
12.7935
12.817
12.6566
12.9609
12.9149
12.9314
12.8021
12.902
13.2997
13.1257
13.0776
13.2877
12.9265
12.9707
13.1937
12.6795
13.0445
13.1775
13.039
13.4916
13.0775
12.8481
12.7622
13.2722
13.4278
13.0156
12.669
13.2402
13.1529
13.1745
12.8063
12.8968
13.17
12.7167
13.0654
12.9766
12.7139
12.6704
13.3169
12.9044
13.2116
12.9018
13.5316
13.0705
12.8649
13.1424
13.1609
12.6956
13.1557
12.6875
12.9778
12.9608
13.0816
13.2126
12.7631
13.3673
12.8664
12.7029
13.3279
13.1151
12.7006
12.9739
12.4916
12.7407
12.6337
12.9279
13.1043
12.7452
12.9012
13.2573
13.1616
12.9676
12.9813
12.8373
13.1461
12.9369
13.1014
12.9692
12.6449
12.546
12.778
13.1297
13.0918
13.1052
13.1538
13.2292
13.0382
13.2189
12.9249
12.9773
13.0685
13.5457
12.8387
13.1599
12.8846
12.9324
13.2631
13.0237
13.0483
13.4153
13.3057
12.6366
12.2525
12.9266
13.0607
12.9878
13.1551
12.5139
12.7862
12.9664
12.7563
12.6142
12.5027
12.7467
12.5623
12.6953
12.6537
12.4541
12.8703
12.7134
12.7924
12.6829
12.7907
12.6185
12.8935
12.6611
12.8336
12.7761
12.7088
12.7568
12.5868
12.5921
12.6422
12.9332
12.4997
12.5249
13.0498
12.8407
12.8858
12.9843
12.887
12.6287
12.982
13.1709
12.5395
12.8064
12.5311
12.8661
12.5311
12.7943
12.8791
12.9056
12.8582
12.4916
12.8041
13.0508
13.1643
12.2983
12.8054
12.9575
12.7627
12.3905
12.9214
12.374
12.2708
12.638
12.8603
12.5439
12.5682
12.7309
12.9995
13.41
12.7829
12.6707
12.4722
13.0054
13.2559
13.0659
12.6164
12.9934
12.95
12.5703
12.7736
12.3115
12.4842
13.0628
12.5545
13.3641
12.8386
13.0031
12.7408
13.3456
12.8834
13.3002
13.0154
13.17
12.915
13.2162
12.7972
12.9165
12.819
13.0245
12.8163
13.1244
12.8215
12.8961
13.0475
13.0047
13.1259
13.2757
13.0666
13.2268
13.1484
13.0448
13.0773
12.9508
12.8181
12.9168
13.1035
13.026
13.0656
12.9862
13.0068
12.8767
13.1296
12.9968
12.8009
12.8835
12.8262
13.0776
12.6615
12.9322
13.2811
12.9818
12.6151
12.7972
13.2503
12.7544
12.9833
12.6168
13.0656
12.6574
13.2066
12.8202
13.0743
13.1
13.1438
13.5424
13.0388
12.8842
12.8529
12.7398
13.2711
13.3737
12.8442
12.942
13.0163
13.0427
12.7634
12.8713
12.1927
12.8536
13.1287
12.7445
13.0558
12.5877
12.7141
13.2129
12.9854
12.7058
12.9788
12.9022
13.0873
13.073
12.6771
12.9558
12.6905
12.941
12.4903
12.8334
12.8798
12.6728
12.9265
13.1539
13.2092
13.3651
12.6589
12.8559
12.6052
12.8834
13.0914
12.917
12.757
12.72
12.9947
13.0825
12.4102
12.9179
12.6427
12.7701
12.81
12.9225
12.6322
12.4839
12.8945
12.5403
12.7004
12.5068
12.5378
12.8359
12.4511
12.9167
12.8153
12.9401
12.5308
13.0607
12.6834
12.3801
12.6527
12.6546
12.8961
12.5556
12.855
13.0131
12.6822
12.6386
12.7851
12.8187
12.9464
13.2351
13.1383
12.5835
12.8886
12.6906
12.6336
12.8228
12.9374
13.1557
12.9261
12.7155
12.7208
12.4761
12.6162
12.8605
12.931
12.8839
13.1185
12.6294
12.7035
12.8319
13.0022
12.8956
13.0277
12.785
12.891
12.9944
13.1305
12.6783
12.5381
12.6095
12.5093
13.0495
13.0632
12.5813
13.0024
12.9712
12.9597
13.0379
12.708
13.0686
12.6238
12.6795
12.8278
12.8427
12.8247
12.9145
12.7758
13.0474
12.6793
12.9795
12.8984
12.4999
12.8689
13.1479
12.8574
12.4958
12.6754
13.1748
12.3538
12.7653
13.146
12.827
12.7047
12.8088
13.2149
12.9434
12.9895
13.0188
12.8772
12.5805
12.983
12.4348
12.8914
13.1014
13.5002
13.081
12.6582
12.8441
12.511
12.6429
12.5541
12.5314
12.6938
12.8799
12.7268
12.7467
13.1588
12.6701
13.039
12.9288
12.8789
13.2197
13.1168
12.7171
12.9138
13.2646
13.077
13.2852
12.7313
12.9394
12.8925
12.9573
13.1558
13.0584
13.1138
13.0474
12.8486
13.2019
13.2244
12.8243
13.1533
12.6985
13.2108
13.1475
13.0203
13.4095
12.8424
13.0115
12.783
13.3354
12.8732
13.0421
13.2328
13.0551
13.4218
12.9991
13.1591
12.6472
13.1763
12.8184
12.7672
13.0424
13.1344
12.9274
12.6543
12.8901
13.1915
13.1682
12.6008
12.8664
12.8284
12.9969
13.1354
13.0754
13.4465
13.1188
12.6812
12.7074
13.4
13.0403
12.402
12.8216
12.7301
13.1626
13.0627
12.9637
12.857
12.5718
12.6653
13.1729
12.5769
12.9586
12.5097
13.0173
12.8304
12.5308
12.9322
12.4132
12.8608
12.5466
12.7205
12.7706
12.7379
12.6991
12.7039
13.2024
12.7949
13.1741
13.1206
12.8135
12.9465
12.5159
12.6882
12.6705
12.631
12.5243
12.8973
12.534
12.5974
12.8041
12.4815
12.7992
13.0292
12.724
12.6721
12.5772
12.8695
12.8348
12.5251
12.6426
12.8304
12.619
12.8034
12.4414
13.0809
12.7502
12.5547
12.6306
12.738
12.7209
12.6327
12.5816
13.2543
12.8903
13.1457
12.8236
13.4221
12.3522
12.8896
12.7425
12.9026
12.635
12.5768
12.8476
12.6299
13.114
12.9252
12.9526
12.222
13.1715
12.5731
12.9443
12.8067
13.0604
12.8362
13.0078
12.7257
12.8475
13.0475
12.9223
12.7439
12.9097
13.0218
12.9166
12.8753
12.4854
12.4465
13.0584
12.7315
12.8619
12.6255
12.8676
12.6886
13.0653
12.5889
12.955
12.7343
12.8184
12.983
13.0696
12.6285
12.974
12.7204
12.5873
12.6928
12.7314
12.7193
12.5599
12.5919
13.0746
12.6677
13.0613
13.1417
12.9573
12.6816
12.7194
12.8014
12.6195
12.6663
12.7208
12.9398
12.5872
13.2334
12.8289
12.6757
12.8704
12.7812
12.7771
13.0216
12.7407
13.3486
13.1044
13.0038
13.0138
13.3936
12.4439
12.5365
12.8511
12.6365
13.1125
12.8682
13.3229
12.9199
12.6615
12.9598
12.8516
12.7462
12.8227
12.2962
12.6439
12.7296
12.6451
12.707
12.6375
12.676
12.9899
12.7889
12.7747
12.5967
12.6758
12.9608
13.0164
12.5786
12.2475
12.7607
12.8468
13.017
12.6714
12.6975
12.6403
12.5326
12.687
12.6608
12.5338
12.3348
12.6796
12.6713
12.7851
12.6784
12.5813
12.9242
12.4568
12.6497
12.672
12.9018
12.4793
12.6622
13.0235
13.0012
12.8302
12.664
12.6384
12.6288
12.9558
12.5061
13.1634
12.8829
12.8301
12.8273
12.6238
12.6236
12.8569
12.8872
12.9056
12.977
12.6433
12.6643
12.7309
12.6594
12.5264
12.5941
12.3372
12.8622
13.1306
12.8284
13.2958
13.0355
13.3208
13.3465
12.6353
13.11
12.9859
13.3446
12.6668
13.2353
13.3311
12.975
12.8992
13.1666
12.906
12.8888
13.1378
12.253
12.779
12.9523
12.8758
13.156
12.9567
12.7994
12.9979
12.8115
12.9116
13.1166
13.0646
12.7428
13.2606
13.2024
12.9367
12.7814
13.0746
13.3635
13.1317
13.1802
12.9867
13.0538
13.0074
13.0422
13.0904
13.1489
12.7243
13.5089
12.7892
12.7683
12.7653
13.2024
12.753
12.9688
12.9962
13.1186
12.9882
12.9123
12.9833
12.7518
13.1002
13.2634
12.7643
12.6921
12.8698
12.9807
12.8639
12.9643
12.3444
12.7802
13.1035
12.8294
12.6866
12.8374
12.7757
12.8586
13.0392
12.4364
12.8801
12.5473
13.0473
12.8815
12.8787
13.085
12.9839
13.0255
12.6805
12.9035
12.899
12.9792
13.0155
12.7918
12.7633
13.1748
12.8862
12.7648
12.5822
12.8723
12.6622
12.8949
12.6626
12.5818
12.7224
12.7008
13.4989
12.9224
13.1371
12.7594
13.0255
12.9546
12.493
12.7028
12.7645
12.8438
12.5959
12.8207
12.5683
12.9856
12.7812
12.7641
13.15
12.7721
12.6875
12.7666
12.552
12.9551
12.7066
12.6185
12.9837
13.0519
12.696
12.4021
12.9489
12.388
12.7819
12.8857
12.9331
12.6187
12.795
12.9704
13.1124
13.1245
13.269
13.0851
12.9396
12.9351
12.8932
13.1493
13.1233
13.3197
12.7943
12.9736
12.8636
13.1658
13.0528
13.0706
12.5263
13.0622
13.1597
12.7587
12.9666
13.3006
12.9878
12.9986
12.4534
12.7176
12.7175
12.6671
12.4647
13.212
12.7521
12.9418
12.9236
12.9699
12.9346
12.7584
13.1645
12.7371
13.0849
13.0769
12.728
13.017
12.5246
12.8676
13.0415
12.7539
12.8184
12.9802
13.1263
13.2529
13.3333
13.3127
12.9232
13.1759
12.8511
12.7974
13.1225
13.2729
13.4089
12.9856
12.8115
12.8249
12.8445
12.8272
12.9037
12.6274
13.2559
12.9811
13.337
12.7758
13.169
13.3013
12.8978
13.2127
13.0934
12.9378
12.9514
12.8793
12.7009
12.8748
12.7964
12.8018
12.6368
13.1698
12.76
12.8691
13.0971
13.0153
13.3158
13.1045
13.0661
12.9046
12.8898
13.0472
12.8822
13.0661
13.0832
12.8731
13.0259
13.2968
13.0695
13.3239
12.8084
13.2119
12.8872
12.7579
12.7757
12.4509
12.7901
13.0468
12.846
12.8987
12.981
12.4675
13.015
13.0992
13.2888
13.206
13.256
12.9782
13.3529
12.7944
12.526
13.1623
13.0924
13.3232
12.7319
13.0381
12.6092
12.7927
12.8908
13.024
12.771
13.1566
13.0856
13.2183
12.9158
12.8361
12.9579
13.1625
12.957
13.2348
13.2091
13.0932
12.9401
12.9456
13.0543
13.034
12.7868
12.5748
12.4346
13.1115
12.8984
13.0689
12.739
12.7489
13.1866
12.3406
12.7818
12.9358
12.8303
12.864
13.0896
13.2085
13.1702
12.9957
12.9004
12.9094
12.915
13.2368
12.9198
13.0326
12.7982
12.9369
12.6329
12.4475
12.6658
13.0123
12.9617
12.7078
12.6429
12.732
12.9606
12.6256
12.9219
12.8136
13.0908
12.4767
12.5227
12.6979
13.0087
13.1386
13.0411
12.6636
13.2018
12.5291
13.2941
12.8085
12.7038
12.5881
12.9942
12.7624
13.0947
12.9164
12.8687
13.2175
12.7352
12.922
12.807
12.9418
13.0003
13.2215
12.9926
12.9257
12.9317
12.9273
13.3005
12.8827
13.0332
12.9048
12.6556
13.2622
12.8143
13.0577
13.0004
12.8197
12.9252
12.7627
12.8309
13.1176
12.7081
12.6707
12.9589
12.4513
12.7491
13.0911
12.8321
13.0001
12.7397
13.1918
12.6464
12.9651
13.0516
12.7313
12.6999
13.1219
13.0397
13.5289
13.2603
12.7277
13.1704
13.0341
13.0755
13.3106
13.0149
12.9906
13.4379
12.9721
12.2087
12.7105
12.934
12.6015
13.0115
12.7426
13.2285
12.7441
12.8495
13.0054
13.2691
12.8728
12.5466
13.2756
13.0386
13.2499
12.7789
13.1304
12.9483
12.7717
12.9721
12.8363
13.252
12.9385
13.3058
12.7181
12.9622
13.3125
13.0731
12.7533
12.6531
12.7973
12.9906
12.8024
12.6428
13.1735
12.9858
13.1366
12.9669
12.8623
12.7092
13.0108
12.6662
12.7719
12.5008
12.8358
13.0928
13.2382
12.7773
12.5086
12.4582
13.3566
13.0104
13.2658
13.3783
13.0463
12.8489
12.879
12.8063
12.8055
13.0434
12.8725
12.9319
13.1745
12.62
12.8102
13.1066
13.0368
12.8162
13.3535
12.5442
12.7753
12.7823
13.1645
12.7714
13.0021
12.9531
12.9801
12.9713
13.0099
12.9667
12.8148
12.8924
12.7834
12.4898
13.3101
12.9916
12.9775
12.9307
12.5468
12.7568
12.8455
12.9996
12.6417
12.7292
12.5974
13.197
13.0024
12.7073
12.595
12.8424
12.8084
12.6068
12.7242
13.0461
13.0307
12.727
12.5239
13.0186
12.501
12.4436
12.8089
12.6799
12.6047
12.8166
12.6187
13.2543
12.9826
12.7138
13.1456
12.6825
12.6013
12.8669
12.8693
13.0585
13.1763
12.9711
12.6891
12.4083
12.7047
13.2634
12.8927
12.6398
12.8548
13.3201
12.6869
13.0975
12.9647
13.0142
13.0975
12.9529
13.1813
13.317
13.1745
12.9539
13.0321
12.4723
13.1386
12.465
12.8252
12.864
12.6388
12.7125
13.1651
12.9978
13.1643
12.8385
12.7607
13.3025
13.1144
13.1345
12.6247
12.879
12.7443
12.6138
12.8773
13.0243
12.9179
12.4599
12.7735
13.1723
12.6016
12.7963
12.5627
12.9664
13.0155
12.8115
12.9138
13.2056
12.7683
12.9584
12.9916
13.0987
12.5842
12.9131
12.9061
13.0094
13.2499
12.854
12.8631
12.7786
12.9386
13.3183
12.9268
13.2726
13.0063
13.0896
12.6654
12.8644
12.8637
13.1248
12.9032
13.3506
12.8975
13.0216
13.2088
12.7116
13.3592
12.9668
13.2818
13.1353
13.1255
12.9704
13.491
13.0727
13.0418
12.9776
12.8448
13.0987
12.8848
13.1832
12.7454
12.9724
12.6736
12.9429
12.7369
13.1502
13.1975
13.2671
12.4652
12.5106
12.6897
13.2436
12.7927
12.9981
12.851
12.7587
12.7757
12.7631
13.3538
12.9416
12.9964
13.4042
13.1074
12.6159
12.8896
12.921
13.0772
12.9298
13.1723
12.9627
12.7354
13.6254
12.9967
13.0471
12.4176
13.1037
13.2152
13.167
12.7536
12.7408
13.1872
12.8568
13.0067
13.3291
13.0599
12.9071
12.9789
13.4311
12.6095
13.0374
13.1365
12.5741
13.0657
12.9807
12.7064
13.1445
12.8517
12.6367
12.7721
13.1263
13.1079
12.8968
13.0897
12.9121
12.8128
12.9615
12.8312
12.9915
13.0019
12.9438
13.2901
12.8384
13.009
13.1386
13.1502
13.1135
13.0891
12.7961
12.9469
12.57
13.2449
12.7652
13.3132
12.5077
12.6016
13.0574
12.791
12.9836
12.9213
12.5926
12.8731
12.8727
12.9633
12.923
12.9912
13.1796
12.8136
12.6815
12.9568
12.5884
12.9606
13.3159
13.1257
12.6924
12.7008
12.9255
13.2109
12.9577
12.6781
13.3873
12.7131
12.8185
12.7589
12.8889
12.8169
13.0735
12.7544
12.9333
12.4362
12.9528
12.8291
12.8435
13.073
12.3154
13.0136
12.6891
12.8846
12.8032
12.1754
12.5222
12.9623
12.396
12.7972
12.6583
12.3093
12.5811
12.8742
12.6734
12.7248
12.8397
12.785
12.6264
12.4292
12.7502
13.1729
13.0937
12.9174
12.874
12.5686
12.5774
12.7096
12.5832
12.5521
12.7261
12.621
13.066
13.4144
12.8254
13.0367
13.1078
12.8599
12.8915
12.996
12.8108
12.9107
12.9807
12.8976
12.6876
12.6333
13.08
12.7834
12.832
12.6672
12.7743
12.9403
12.9262
12.9553
13.0609
12.4336
12.9142
13.141
12.6477
12.7927
12.7506
13.127
12.753
12.8123
12.6619
12.6357
12.6722
12.8317
12.8363
12.8961
12.9416
13.0596
13.0846
12.4937
12.7361
12.5751
13.2563
12.5605
13.1439
12.9873
12.8673
13.2434
13.0783
12.8526
12.6345
12.9491
12.9515
13.0194
12.6712
13.0297
13.0565
13.2018
13.4045
13.0237
13.1321
13.1429
12.7884
12.974
12.8902
12.8546
13.0698
13.0867
12.6822
13.3636
12.9517
12.7704
12.9596
13.0048
12.909
13.3455
12.9938
13.0045
13.1173
13.0139
13.0426
12.934
12.7903
12.6806
12.8732
12.8264
12.6063
13.2446
13.0717
12.5295
12.65
13.2515
12.9366
13.1934
12.7999
13.1096
13.1114
12.9594
13.1024
12.7904
12.7189
13.0198
12.9871
12.6668
13.3546
12.9868
12.8283
12.9521
12.8105
12.8885
12.6831
12.6459
13.1772
12.5489
12.784
13.3691
12.9266
13.0562
13.0471
13.0005
13.0994
12.4712
12.8315
13.1475
12.9142
12.7849
12.8121
12.8657
12.7382
12.4961
12.2185
13.2701
12.6089
12.8788
12.6639
13.0544
13.0746
12.4631
12.8458
13.3391
12.9759
12.7721
12.7548
13.4138
12.3674
12.6919
12.9632
12.7398
12.673
13.0085
12.8725
13.0537
13.2303
12.8421
13.2293
13.081
12.7564
12.9608
12.8407
13.0363
13.4908
12.8625
12.9495
13.3111
12.7747
12.5028
13.1048
13.0505
13.1648
12.8363
13.0623
13.0324
12.7634
12.9982
12.5975
12.961
12.6989
12.7817
13.1459
12.9353
13.1093
12.7056
13.0711
12.8752
12.6621
12.6745
12.9939
12.8441
12.9965
12.9893
13.1205
13.2597
12.5509
13.1689
13.1342
12.8571
12.9365
12.6979
12.7733
12.7004
12.7757
12.842
12.6944
12.7426
12.9802
12.8057
12.8292
12.9221
13.2213
13.025
13.1572
12.6149
12.8328
13.1952
12.9363
12.9721
12.825
12.5713
12.7058
12.9042
12.9851
12.9448
12.9513
12.956
13.6173
13.0172
12.6709
12.6271
12.7009
13.2678
12.8111
13.2428
12.9299
12.8546
13.012
12.6762
13.1309
13.1202
13.0458
12.7466
12.9799
12.7774
12.8974
12.7466
13.1322
12.6411
12.4197
13.0969
13.0708
12.935
13.2473
12.3089
12.8042
12.7094
12.8044
13.2581
12.9769
12.4921
12.9078
13.2777
12.9217
12.9938
13.1073
13.1923
12.8632
12.9678
12.7812
13.2206
12.8554
13.0667
13.1795
12.6273
13.3298
12.7181
13.3154
12.7312
12.8014
13.2558
12.9054
13.1246
12.7403
12.9833
12.7939
13.0262
13.0572
13.1062
12.3561
12.8623
13.1514
12.8672
13.0893
13.2565
12.8018
13.3102
13.2912
13.0559
13.3519
13.0416
13.1458
13.071
12.992
12.2139
13.6751
13.067
13.1927
13.4561
12.5709
12.9282
13.0394
13.0807
12.8039
13.0002
12.7113
12.9278
13.1943
12.756
13.2651
12.9862
13.0114
13.2282
13.1199
12.946
12.961
13.1999
13.1249
12.7449
13.1092
12.6802
13.3871
12.8116
12.9742
12.8808
13.0731
12.8665
13.2433
12.7569
13.0407
13.1713
12.7385
12.9616
12.7124
13.2222
12.7057
12.7906
12.8557
12.9467
13.0776
12.4881
13.2195
13.0689
13.6813
12.8244
12.9587
12.7436
13.0081
12.6798
12.4879
13.0222
12.7117
13.0177
13.0553
13.2379
12.4922
13.0234
12.9992
12.8713
12.637
12.3979
12.7096
12.9087
13.1269
13.2252
13.1198
12.9152
13.0893
13.0726
12.4086
12.9499
12.6919
13.049
12.8205
12.6452
12.7403
12.6953
12.6752
13.1203
12.7709
13.4193
12.7041
12.6181
12.9261
12.7582
13.4033
12.7244
12.8177
12.7805
13.3488
12.5879
12.9608
12.8668
13.0487
12.9182
12.7149
13.0339
12.9092
12.9641
13.2729
13.2108
12.8673
12.3809
12.5576
13.0511
12.9757
12.7493
12.7108
12.8592
13.2001
13.3695
12.907
13.1099
12.8127
12.8459
12.9693
13.2097
12.7607
13.0454
12.9465
13.0389
12.4548
12.9713
13.0222
12.8143
12.4336
12.5435
12.8482
13.338
12.9092
12.7245
12.7619
12.4554
13.0364
12.9282
12.7542
12.9707
13.1286
12.6995
13.2121
12.8645
13.0706
13.0863
12.9571
12.9866
13.0811
12.7885
12.767
12.8078
13.0169
12.647
12.8139
13.0342
12.7257
12.8527
12.6045
12.7297
12.8737
13.0979
12.8319
12.904
12.8273
13.1431
12.9844
13.1534
12.7957
13.1251
12.9243
12.9687
12.9619
12.3612
12.888
12.7973
13.2268
12.7057
12.7333
12.6599
12.7083
12.8616
12.9166
13.0845
12.5057
12.8178
12.7056
12.6728
12.7924
12.8709
12.8444
13.0934
12.8303
13.0245
12.6154
13.2626
12.8484
12.6755
12.6101
13.0043
13.0766
12.5115
12.7628
13.2755
12.6734
12.4995
12.8507
12.8718
12.7621
13.0424
13.0238
12.7086
13.1384
13.0505
12.8669
12.6941
12.3613
12.7958
12.7882
13.0612
13.276
12.9938
12.3562
12.7406
12.7574
12.8078
12.3077
12.8364
13.0542
13.0057
12.9077
13.049
13.0761
13.1122
13.3197
12.9896
12.8318
12.8155
12.9903
13.137
13.3785
13.1046
12.9787
13.2046
13.0448
13.3724
13.1362
12.9757
13.2382
12.9116
12.7733
13.3074
13.0488
12.7335
13.0082
13.0753
12.9978
12.8721
13.088
12.7237
13.2568
12.9917
13.2697
13.0053
12.7591
12.9162
13.0047
13.3728
13.6732
12.8116
12.9333
13.1379
13.2243
12.9468
13.1416
12.5571
13.1176
12.8731
12.8474
12.7837
12.5704
12.746
12.8479
12.592
12.9635
12.5654
13.371
13.1901
12.9659
12.6142
13.0931
12.9508
12.8152
12.6671
12.889
12.8911
12.7191
12.8508
12.6212
12.5124
12.4769
12.7383
12.5602
12.9185
12.9539
13.0398
12.7835
12.7569
12.8003
12.9644
12.9257
12.9959
13.0553
12.4475
12.9177
13.1453
12.5719
12.6161
12.7855
12.8413
12.872
12.9555
12.976
12.3453
13.0032
12.6607
12.9962
12.7263
12.3563
12.9357
12.871
12.678
12.9881
12.7863
13.052
13.142
13.2083
13.1491
12.7898
13.0115
12.8683
12.6322
12.7815
12.4571
12.5729
12.5189
12.8748
12.4231
12.6878
12.6826
13.345
13.0979
13.2245
12.6444
12.748
12.5441
12.9478
12.9262
13.0539
13.0358
12.9389
13.1756
12.8609
12.5474
13.0318
13.1712
12.7982
12.8371
12.996
13.0455
12.9112
12.8056
12.7483
12.8512
12.7527
13.077
12.9467
13.3217
12.932
13.2671
12.991
12.9462
13.2075
12.8207
13.1291
12.9563
12.6079
12.9403
12.8021
12.9184
12.769
12.9754
12.7526
12.9352
12.9476
13.0532
12.9439
13.4951
13.1294
12.9012
13.359
13.0084
12.8426
12.7803
12.7473
12.9646
13.5684
13.1442
12.7459
12.5694
12.6354
13.0173
13.2844
12.4208
13.2163
12.3609
12.6517
12.834
13.1332
12.8967
12.4754
12.9918
12.7998
12.8098
12.6092
13.0129
12.6393
12.6267
13.0027
12.6503
12.8486
12.7686
12.7179
13.1084
12.5587
12.4701
12.7977
12.5329
12.6808
12.7961
12.8198
12.9347
12.7886
12.8002
12.922
12.7716
12.9222
12.3671
12.6744
12.9871
12.9125
12.6755
12.5451
12.5651
12.734
12.9316
12.7941
12.7853
13.0517
12.6461
13.1296
13.0359
13.2043
12.927
13.1912
12.9501
12.9535
12.5648
13.6424
13.2375
12.5176
13.0664
12.9498
12.7765
12.8862
13.0169
13.4699
12.6472
12.6447
13.1994
12.921
12.8293
13.0731
13.1001
13.2026
13.4608
12.5409
13.0609
12.9523
13.3589
13.0792
13.2519
12.9022
13.0237
13.2429
12.4763
12.6748
13.2559
13.1239
12.9696
12.7778
12.8947
12.4817
12.8004
12.8069
12.6501
13.041
12.8362
12.7944
12.6921
13.0998
12.9269
12.1375
12.9813
12.9769
12.5669
12.8178
12.5225
12.767
12.5541
12.8907
12.8188
13.3276
12.5557
12.8553
12.4429
13.0824
12.764
13.0922
12.7273
13.0461
12.5501
12.4821
12.611
12.9716
13.2126
13.0046
12.7156
12.8154
12.4546
13.016
12.659
12.7207
12.4983
13.0268
12.5766
12.8447
12.8091
12.7937
12.8221
12.8724
13.1519
13.148
12.8177
12.9924
12.9748
12.8875
12.8553
12.6966
13.3223
12.3452
12.8581
12.4324
13.0039
12.7676
13.1624
12.8517
12.7401
12.4146
12.6452
12.7889
12.6751
12.8841
12.3624
12.9486
12.7297
13.1137
12.9342
12.7728
13.171
12.7898
12.8873
12.8812
12.8429
12.7323
12.5063
12.3662
13.1262
12.9985
12.6955
12.8868
13.2407
13.2244
12.7614
13.0657
12.873
12.8815
12.839
12.3961
13.1757
12.6639
12.4381
12.7129
12.8708
12.4386
12.9322
12.7797
13.1614
13.1604
12.9273
12.621
12.8932
12.9345
12.8694
13.353
12.9566
13.4715
13.2419
12.7319
12.646
12.8305
12.7516
12.6313
12.4873
12.2587
12.4077
13.148
13.0897
12.8027
12.8174
13.162
13.0025
12.9472
12.7806
12.7955
12.9189
12.6758
12.8113
12.8634
12.3452
12.1964
12.9593
12.9159
12.8184
13.1682
13.0306
13.4328
12.9668
12.7808
12.799
12.6602
12.3879
13.0989
12.821
12.5816
13.3981
13.37
12.4876
12.5051
13.1956
12.3412
12.9216
12.7045
13.0732
12.6207
13.0441
12.9294
12.622
12.7057
12.7566
12.7236
12.6225
12.5802
12.9246
12.8615
12.3627
12.918
12.5861
12.5215
12.4694
12.9892
12.4525
13.1086
12.661
13.5978
12.6741
12.6895
13.0566
12.8572
12.5528
13.0721
12.7862
12.9452
12.8117
12.6493
12.2184
12.9565
12.5404
12.7879
12.5359
12.6113
12.7794
12.7425
13.2745
12.5998
12.5688
13.083
12.4709
13.0678
13.162
13.0687
12.6282
12.3696
12.9493
13.3422
12.4898
12.5448
12.6022
12.8972
12.8035
13.0669
13.3057
12.9811
12.8586
13.0234
13.0206
12.6383
12.8925
12.8477
12.9918
13.2297
12.6932
12.6421
13.3266
13.3274
12.7031
12.966
12.9803
12.8005
13.0353
12.9623
13.1715
12.8682
13.0138
12.8246
12.9346
12.7567
12.6261
12.6756
12.9638
12.6678
12.9907
12.9133
12.9049
13.1738
13.0989
12.9516
13.1365
13.0093
12.4534
12.7481
13.0368
12.7987
12.9693
13.1845
12.7276
13.2127
12.8392
12.4498
13.3397
12.7528
12.605
13.0239
13.0207
13.2184
12.5135
13.2698
13.3418
12.6762
12.8368
13.152
13.0573
13.0435
12.9098
13.1165
12.8566
12.6061
13.0593
12.8828
12.8243
13.0606
12.6594
12.8832
13.0905
12.8327
12.803
12.975
12.9451
13.3026
13.1039
13.1659
13.017
13.0941
12.8918
12.8481
13.4174
12.8408
13.1882
13.0591
13.1773
13.0249
13.0668
12.7901
12.4803
12.8332
12.7578
12.8455
12.8826
13.0186
12.5647
12.5289
12.9637
13.2168
12.7002
12.9214
12.7777
12.8922
13.4429
12.8053
12.9762
12.4912
12.3414
12.3955
12.7834
12.7215
13.2314
13.1956
12.6397
12.6177
12.8404
12.8626
12.4081
12.8421
13.0523
13.0684
12.8205
13.1201
12.9722
12.8204
13.0956
13.002
13.1063
12.9345
12.6971
13.0302
12.7304
13.2175
12.662
12.9414
12.9358
13.1359
13.1543
13.3921
13.2463
13.0231
12.9786
13.0293
13.508
13.0318
13.1765
13.1116
13.2014
12.7959
12.7925
13.327
12.6644
12.8471
12.8696
12.9799
12.9016
13.2292
12.7887
12.7274
13.1952
12.6652
12.7394
12.8434
13.1572
13.2403
13.2935
12.8452
13.3287
13.1782
13.0401
13.3274
13.2658
12.9067
13.0307
13.2591
13.1168
13.3607
13.1881
13.1563
13.2413
13.071
13.3424
12.7514
13.0662
13.1687
13.1889
12.9688
12.4322
12.8713
12.6788
12.8272
12.7581
12.7973
12.7286
12.6865
12.2104
12.957
12.7169
12.9296
12.9237
12.5875
12.9043
12.6308
12.792
13.0611
13.1574
12.6247
13.1854
12.8754
12.7999
13.1238
12.5207
12.5162
12.6448
12.4837
12.4154
13.1296
13.117
13.1221
12.9198
13.0228
12.6419
12.9098
12.9739
12.9483
12.7571
13.0197
13.256
13.2914
13.0514
13.3351
12.7356
13.1174
12.5848
13.0992
12.9626
12.5969
13.1798
13.2159
12.6391
12.8079
13.2422
13.1324
12.8677
13.0873
13.2816
12.9971
12.2483
12.8805
12.7198
12.4125
12.8186
12.8393
12.7736
13.1092
13.1618
12.8806
12.9984
13.2024
12.9497
13.2639
12.8633
12.5729
13.3566
12.9626
12.9336
13.5773
13.2186
12.7095
13.0069
12.5454
12.8529
13.0673
12.9346
12.9327
12.5834
12.8301
12.9164
12.6019
12.9591
12.2406
12.6376
12.9885
13.1296
13.0286
12.8457
13.1956
12.9795
12.7338
13.0104
13.091
13.1467
12.8572
12.7309
13.2512
13.1251
12.5771
12.5354
12.9677
13.1532
12.8254
12.5264
13.1016
12.4159
12.7371
12.4756
12.7742
12.5403
12.2706
12.9853
12.541
12.6699
13.0671
12.4416
12.9593
12.7765
12.8095
12.714
13.2144
12.2902
12.6809
13.2547
13.1488
12.5705
12.8914
12.7416
12.5173
12.5342
12.5044
12.6224
12.6234
12.4802
12.3678
12.4561
13.0144
12.7678
12.8659
12.8725
13.2259
12.7486
12.5896
12.9594
13.1458
12.3442
12.8867
12.6537
12.9638
13.2659
12.9145
12.4569
12.7451
12.6967
12.6308
12.5704
12.3876
12.8479
13.0441
12.6983
13.0393
12.8529
13.0858
13.1811
13.09
12.9118
13.242
12.8905
12.6547
13.3383
12.9955
12.6847
12.9669
13.1325
13.1286
12.964
12.6886
12.8538
12.6022
13.3694
13.0556
12.5358
12.983
12.5303
12.629
12.5169
12.6251
12.5174
12.7223
13.3261
12.7293
12.8705
13.0998
12.6544
12.6638
12.6287
12.7715
12.9446
13.1421
12.7099
12.5058
12.6581
12.515
12.6258
12.647
12.3914
12.8847
12.699
12.9888
12.4238
12.6363
12.4471
12.7542
12.4962
12.7644
12.784
13.0817
12.6344
12.6925
12.7785
12.8446
12.9564
12.5347
12.7053
12.5265
13.0744
12.5012
12.909
12.5509
12.7373
12.6941
13.0147
12.9286
12.6507
12.742
12.8295
12.7918
12.9689
12.7831
12.8548
13.0834
13.0732
12.8878
13.5408
12.547
12.8371
13.1488
13.2296
12.4094
12.8345
12.6586
13.0297
12.7619
12.9571
12.8702
13.2079
12.8695
13.0395
12.7713
12.8679
12.9799
12.8461
12.5803
13.1545
12.9797
12.9071
12.4738
12.9717
12.6862
12.7395
13.0364
12.8299
12.932
12.5692
12.7431
13.3188
12.6626
12.6122
12.8588
12.9881
12.7415
12.6746
12.8619
12.3607
13.4616
13.1156
12.5209
12.6709
12.9167
12.8229
12.836
12.7724
12.8033
12.6626
12.9413
12.9205
13.204
13.3644
12.4647
12.8707
12.8486
12.6314
13.0975
13.0841
12.6076
12.7511
13.0586
13.0028
12.9689
12.8172
12.9473
12.8265
13.2917
12.8402
12.6503
13.3925
13.1056
12.5139
13.2388
12.8244
12.9222
13.2302
13.0506
12.6496
12.8427
12.9533
12.7008
12.9937
12.7682
12.3939
12.9561
12.8149
12.5917
12.8257
13.2976
12.6425
13.3537
12.8937
13.0155
13.2236
12.9658
13.0228
12.4121
12.8983
13.1647
13.0453
12.4269
12.9277
12.9316
12.7552
12.7408
12.8983
12.6699
12.786
13.1971
13.218
12.4793
13.1929
12.7653
13.0577
13.1735
12.6714
12.9567
13.2726
13.0257
13.0651
13.0096
13.0366
12.8203
13.2753
13.1451
12.5471
12.7453
12.7986
12.735
12.5205
12.6673
13.1278
12.9274
13.0228
12.7767
13.2986
12.5886
13.3013
12.9839
12.9925
12.8136
12.8366
12.9759
12.8035
12.696
12.9398
13.4611
12.8448
13.0606
12.6088
13.1778
13.3267
12.5638
12.6779
12.9962
13.0963
12.691
12.6348
12.9225
12.6118
12.5857
12.8277
13.0052
12.9775
13.0412
12.4939
13.1234
12.8608
12.7831
12.7761
13.0275
12.6437
13.0614
13.0906
12.8291
12.9479
12.6755
12.3352
12.7234
12.8306
12.8263
13.0546
13.348
13.2962
13.0176
12.2808
12.8336
13.1558
13.0219
12.9767
12.6279
12.9412
13.4573
13.0316
12.5868
13.0824
12.9154
12.8806
12.6251
12.7613
13.0529
12.9345
13.2619
12.5789
13.074
13.0794
13.3846
13.1664
12.882
12.9798
12.7912
12.9265
12.8267
12.6883
12.6039
12.6578
12.4735
12.8769
12.7917
12.535
12.6158
12.96
12.8853
12.7582
12.6683
12.8366
12.6834
12.9844
12.9127
12.647
12.7399
12.7543
12.8359
12.9494
12.307
13.136
12.6686
