1.29332
1.45898
1.58969
1.30639
1.33913
1.45476
1.07698
1.06303
1.10529
1.61086
1.4779
1.3354
1.64922
1.51521
1.49692
1.31765
1.47813
1.53801
0.975448
1.53089
1.3472
1.63687
1.50655
1.39091
1.28286
1.53066
0.924896
1.39746
1.59413
1.59813
1.18868
1.39517
0.929606
1.04863
1.63725
1.36733
1.46386
1.90976
1.60062
0.968905
1.50141
1.16562
1.56208
1.68417
1.58222
1.33402
1.69342
1.33762
0.941261
1.04293
1.59803
1.5893
1.67328
1.57869
1.21424
1.66442
1.51652
1.05443
1.10375
1.11243
1.13505
1.35104
1.17246
0.976847
1.36927
1.66471
1.39854
1.18936
1.31456
1.37433
1.82616
1.20424
1.60032
1.51891
1.42024
1.50256
1.52161
1.24772
1.4714
1.54705
1.40682
1.38226
1.88162
1.41928
1.46353
1.54941
1.38394
1.55716
0.978896
1.46904
1.31943
1.59678
1.63456
1.25685
1.57313
1.36001
1.75826
1.28752
1.7124
0.525174
1.05901
0.938153
0.999829
1.13922
1.00729
0.760461
1.29321
1.10675
1.19743
0.696235
0.785176
0.943155
1.394
1.00577
1.18018
1.26225
1.51854
1.33542
1.207
1.39181
1.325
1.38164
0.909539
1.20777
0.918431
1.31498
1.20396
0.858294
1.28291
0.875328
1.44265
1.01992
0.764823
1.26099
1.0824
1.36565
1.12662
1.32582
0.805943
1.0209
0.978824
1.24238
1.00334
1.30937
1.23153
1.07694
0.762658
1.10054
1.01852
1.11275
0.988461
1.21811
1.05191
1.05138
1.12937
0.913811
0.833209
1.0757
0.991595
0.864298
0.623071
0.85894
1.08658
1.32246
1.33058
1.44316
1.25004
1.34904
1.10534
1.19172
0.814208
0.743922
1.55888
1.04355
1.32356
0.897301
0.881568
1.09222
1.17724
1.05245
1.0043
1.18313
0.842771
1.0709
0.928282
1.1323
0.842078
0.773329
1.10852
0.712654
0.807475
1.26175
0.844168
1.20886
1.33826
1.03412
1.16774
0.954244
0.989104
1.09608
0.88647
1.17032
0.98239
1.24264
1.06056
1.22981
0.78367
1.15491
0.940822
1.41176
1.07206
1.19629
1.22141
1.46065
1.37142
1.43314
1.45702
1.31962
1.40813
0.743624
1.3119
1.01309
1.2458
1.43886
0.824677
1.24624
0.669697
1.3998
1.18688
0.795272
1.12452
1.27056
1.04264
1.03196
1.29768
0.697319
0.99656
0.883854
0.973068
0.824242
1.38723
1.00597
0.996522
1.03898
1.15267
0.990516
1.26548
0.941746
1.07628
1.10922
1.23597
0.963792
1.18597
1.11741
1.24337
1.12781
0.903963
0.770611
0.808131
1.10533
1.43192
1.46247
1.50967
1.33173
1.27677
1.26163
1.21045
0.884818
0.709744
1.41056
0.809154
1.39449
1.06428
1.09518
1.15051
1.18127
1.11134
0.93121
1.21908
1.07863
1.11713
1.03732
1.24214
0.952997
0.82836
1.1522
0.866931
0.476801
1.25714
0.735542
1.40341
1.37602
1.13909
0.89106
1.35941
1.12439
0.909546
1.44417
1.29406
0.886656
0.733116
1.22696
0.899264
1.35757
1.2148
1.34563
1.26769
1.19693
1.11136
1.32552
1.11719
1.44156
0.837573
1.26368
1.18216
1.15695
1.2749
1.45496
0.83537
1.2003
1.2195
1.15523
1.04481
1.22188
1.1677
1.00571
1.25118
1.11733
0.723201
1.37197
1.44309
1.21829
0.99326
0.933616
0.916536
1.00136
0.949408
0.377879
0.689125
1.01993
0.777349
0.742891
1.15883
0.925376
1.11598
1.0777
0.962755
1.05357
1.31094
1.16601
1.18882
1.16403
1.29969
1.27516
0.968263
1.45278
0.964198
1.37482
1.32568
1.17698
1.29197
1.16783
1.08751
1.09204
1.11557
1.1203
1.06935
0.944891
1.3277
1.29394
1.03361
1.13083
1.20982
0.692365
1.14164
1.10774
1.3236
1.28138
1.37672
1.31044
0.767508
1.18355
0.83974
0.945951
1.00981
0.905102
1.18622
1.16812
0.940893
0.618684
0.853796
1.50023
0.927947
1.19762
1.39924
1.4673
1.36777
1.13384
1.44722
1.44101
1.58192
1.27038
1.63381
1.50552
1.49581
1.94872
1.55196
1.70497
1.27445
1.74631
1.25
1.05023
1.0593
1.38994
1.61661
1.24027
1.67021
0.863096
1.48967
0.960309
1.5335
1.29231
1.06163
1.45288
0.962915
1.06788
1.32149
1.37728
1.41877
1.59863
1.43311
1.40426
1.44727
1.18373
1.07219
1.16588
1.29819
1.56701
1.40795
1.71844
0.913534
1.614
1.58102
1.18822
1.00347
1.48934
1.23632
1.03502
1.18877
1.1484
1.53436
1.56187
1.83222
1.34348
1.39729
1.35335
1.16922
1.01141
1.07978
0.857824
1.57227
1.06659
1.49098
1.05316
1.49014
1.48737
1.62238
1.57373
1.4472
1.11234
1.47201
1.65176
1.05211
1.38645
1.16142
1.20516
1.52269
1.11551
1.13585
1.23023
1.35522
1.70526
1.44125
1.12119
1.41973
1.35486
0.995447
1.29017
1.29395
1.34315
1.09427
0.961335
1.34092
1.4575
1.43328
1.56113
1.42646
1.24756
1.54286
1.65252
1.33275
1.43306
1.31647
1.57804
1.21031
1.03028
1.18916
1.1312
1.57398
1.32841
1.37073
1.04945
1.37846
0.912216
1.5014
1.47623
1.04611
1.41941
1.04107
1.25896
1.25885
1.54048
1.3155
1.40468
1.24633
1.28534
1.23569
0.937763
0.911485
1.07619
1.42276
1.12845
1.28067
1.81421
0.667383
1.28049
1.56779
1.09247
1.24938
1.53957
0.995911
0.900067
1.11841
1.14743
1.26986
1.47622
1.44453
1.38999
1.29777
1.21692
1.12019
1.13725
1.31936
0.926914
1.53208
1.21972
1.2936
1.34075
1.34022
1.50603
1.36148
1.77722
1.31088
0.890204
1.30316
1.57683
1.30281
1.55169
1.29841
1.21177
1.66855
0.907945
1.18404
1.28521
1.30674
1.45024
1.30146
1.25895
1.36445
1.29762
1.2947
0.902131
0.865666
1.33571
0.928725
1.61678
1.31443
1.49122
1.41303
1.03897
1.50116
1.27393
1.20674
1.60179
1.56009
1.63296
1.2712
0.640137
1.63606
1.27883
1.00957
1.69602
1.33336
1.18157
1.07908
1.11884
1.47697
1.18852
1.4352
1.62358
1.20757
1.61818
1.44425
0.853245
1.0251
1.2418
1.0133
0.846278
1.42084
0.834344
0.975527
1.09532
1.07405
1.11004
1.57596
1.18511
1.11655
1.20578
1.48003
0.827438
1.38368
1.46969
1.26697
1.37278
1.4107
1.04621
0.75288
1.34606
1.62101
1.6128
1.6861
1.55932
1.49376
1.75238
1.31692
1.42681
1.20075
1.2406
1.07142
1.61495
1.55268
1.4836
1.26529
1.20204
1.25625
1.29677
1.26059
1.23108
1.28954
1.41859
1.6309
1.3808
1.22559
1.36069
1.35669
0.92466
1.40173
1.00865
1.53792
1.66939
1.33454
0.974783
0.958189
1.37015
1.27715
1.34911
1.02382
1.44609
1.46091
1.36577
1.38892
1.28449
1.69626
1.27035
1.76202
1.3933
1.83593
1.61947
1.62591
1.04397
1.16184
0.902777
1.31623
1.62136
1.42246
1.60477
1.19326
1.3205
1.1326
1.6451
1.6796
1.3645
1.79526
1.44109
1.04489
1.04427
1.29226
1.70001
1.66587
1.567
1.41363
1.48052
1.21424
0.753474
1.24086
1.45287
1.65056
1.67406
1.84679
1.05609
1.62634
1.57834
0.776767
1.19333
1.48786
1.3123
1.21883
1.04496
1.02913
1.29941
1.80406
1.82024
1.56826
1.57025
1.43664
1.44268
1.16511
1.40906
1.08617
1.45495
1.41724
1.69225
1.2867
1.61833
1.33442
1.40692
1.50575
1.67742
1.04483
1.08085
1.34453
1.21595
1.52608
1.40869
1.29623
1.45256
1.35322
1.45159
1.63301
1.59574
1.61299
1.88929
1.27782
1.59797
1.29917
1.11982
1.6005
0.922344
1.29364
1.12832
1.48342
1.20951
0.978163
1.40142
1.14227
1.35849
1.50554
1.47381
1.5995
1.23558
1.22374
1.34836
0.823529
1.54389
1.334
1.31693
1.26282
1.25132
1.25565
1.07724
1.17214
1.30828
1.17799
1.62949
1.50624
1.05966
1.09564
0.924078
1.14549
1.46357
1.43714
1.18514
1.43729
1.13147
0.78041
1.15776
1.23441
1.38413
1.55753
1.37912
1.33133
1.34584
1.4795
0.771661
0.874788
1.09621
0.928589
0.875726
0.942968
0.826701
0.952737
1.29968
1.42162
1.37441
1.14807
1.44188
1.37382
1.29313
0.94499
1.2008
1.27914
1.46137
1.24273
1.14094
1.29407
1.3152
1.0564
1.01311
1.24856
1.48229
0.781847
0.910933
1.19824
1.14957
0.943132
0.946969
0.995755
1.21809
1.34424
1.45665
1.30944
1.25442
1.8466
1.24606
1.46594
0.981698
1.49168
1.0939
1.66072
1.32892
1.44442
1.38873
1.27575
1.29617
0.944723
1.23749
1.49933
1.20126
1.39014
0.863364
1.14708
1.38063
1.38446
0.842519
1.40638
1.47474
1.15637
1.18538
0.599112
1.25791
1.36191
1.1849
1.2811
1.28416
1.69391
1.26813
1.41077
0.904357
1.16174
1.29576
1.17685
1.07429
1.00924
0.968144
0.983844
0.392744
0.915293
1.60012
1.2182
1.08926
1.16886
1.4889
1.01969
1.24205
1.18775
0.980178
1.27704
1.43663
1.19535
0.897522
1.5973
1.1984
1.47314
1.06642
1.05497
1.45136
1.61875
0.850439
1.44836
1.49602
1.04941
1.06634
1.2188
1.34127
1.43681
1.34058
1.35475
1.26722
1.3745
1.35784
1.46795
1.61757
1.29824
1.45929
1.19337
1.25942
1.27696
1.41945
1.25941
0.907104
1.05545
1.40272
1.45848
1.11948
1.16783
1.53722
1.00876
1.47288
1.27554
1.55873
1.43258
0.752075
1.44765
1.32139
1.16515
1.69042
1.35694
1.79414
1.16858
1.1364
1.33756
1.53711
1.06661
1.33504
1.32462
1.51752
1.37047
1.29117
1.50549
1.18528
1.41696
1.15019
1.20942
1.77406
1.40038
1.04829
0.974153
1.20046
1.39671
1.33225
0.993158
0.864879
1.04558
1.02924
0.97989
0.842511
1.56602
1.28467
1.2799
1.31602
1.42185
1.22384
1.18373
1.22569
1.15832
1.32092
1.36048
1.2376
0.943934
1.41554
1.22959
1.70465
1.62098
1.31241
1.73638
1.47276
1.13541
1.20031
1.32445
1.0552
1.24493
1.28334
1.53635
1.62808
1.20324
1.06946
1.17135
1.01531
1.28789
0.988076
1.1433
1.48553
1.58329
1.48232
0.935579
1.31409
1.21979
1.16036
1.40106
1.16915
1.40034
1.77031
1.1602
1.15916
1.39316
1.23572
1.52844
1.3524
1.13337
1.56388
1.4059
1.71577
1.35818
1.02684
1.50304
1.42644
1.93147
0.996021
1.50162
1.42768
0.980053
1.49139
1.08723
1.35227
1.29144
1.66908
1.24883
1.32809
1.5209
1.47404
1.40527
1.05343
1.44537
1.14577
1.4469
1.6091
1.35685
1.32441
1.35698
1.23759
1.31208
1.24596
1.36899
1.61894
1.02523
1.05419
1.65346
0.907967
1.22709
1.29291
1.46121
1.38353
1.42882
1.30653
1.54665
1.35018
1.17534
1.40325
1.85264
1.34416
1.76863
1.77025
1.27252
1.64148
1.39961
1.62026
0.993325
1.67096
1.25247
1.62171
1.40794
1.44274
1.13218
1.23195
1.5252
1.59887
0.598785
1.33825
1.38912
1.59521
1.9473
1.38207
1.13631
1.53045
0.950999
1.15141
1.28499
1.4419
1.11135
1.15883
0.989934
1.2112
1.2531
1.24361
1.42128
1.39553
1.22666
1.43466
1.37141
1.46317
1.40995
1.33068
1.27608
1.20789
1.03308
1.35752
0.878412
1.2812
1.47741
1.38301
1.13423
0.81578
1.21012
0.934595
1.12084
1.55639
1.33027
1.37242
1.38535
1.47683
1.06347
1.13999
1.07286
1.05743
0.808134
1.40401
1.01714
0.678175
0.578704
0.962039
0.964712
1.27292
1.24249
1.34862
1.00429
1.02223
1.21269
1.02701
1.10501
1.29388
1.0693
1.01977
0.844102
0.87716
1.29322
1.22977
1.47254
1.39495
1.31497
1.27421
1.08602
1.30165
0.957865
0.898959
1.50051
1.26974
1.32232
1.22001
1.01199
1.24155
1.36094
1.30927
0.968247
1.28439
0.885743
1.34522
0.903393
1.01507
1.19645
1.07568
1.25925
0.960043
1.03719
1.37446
0.926421
1.45783
1.43874
1.26579
1.08971
1.01947
1.38142
1.16008
1.58064
1.33679
1.95783
1.36223
0.898103
1.43746
1.50935
1.6249
1.31095
1.29402
1.52509
1.43884
0.914958
0.880407
1.61198
1.39639
1.82792
1.43126
0.890853
1.62376
1.29823
1.7069
1.41764
1.79462
1.18261
1.35558
1.37252
1.59533
1.45979
1.54295
1.57347
1.60176
1.17219
1.42903
1.32638
1.13718
1.00784
1.4799
1.47811
1.02627
1.30485
1.10209
1.18114
1.30804
1.4484
1.4128
0.988082
1.44622
1.43653
1.60212
1.29637
1.67411
1.47253
1.62662
1.24896
1.41902
1.39491
1.28216
1.9566
1.35099
1.5445
1.00639
0.911701
1.06624
1.42757
1.29965
1.35113
1.40774
1.12496
1.34782
1.24297
1.46852
1.2153
1.01292
1.31375
0.862392
1.2748
1.52759
1.15742
1.10703
1.33847
1.19681
1.49578
1.00319
1.16464
1.43777
0.869459
1.44507
1.22985
1.13651
1.31633
1.34916
1.05422
1.15561
1.07779
1.44894
1.25821
0.961664
0.772406
1.36959
1.14851
1.31929
1.52326
0.888853
1.19492
1.38914
1.35884
1.39238
1.479
1.07709
0.923511
1.0248
1.21922
1.4087
1.46372
1.32439
1.46413
1.29821
1.22576
1.06926
1.44139
1.1025
1.03834
1.67848
1.32529
0.961186
0.965014
1.35734
1.34506
1.50971
1.22058
0.842599
1.30872
1.21969
1.53019
1.26873
1.26286
1.00608
1.34388
1.31923
1.08997
1.43406
1.48739
1.41182
0.988914
1.35054
0.828245
1.05047
1.03075
1.27923
1.12162
1.23898
1.64609
1.31873
1.26832
1.08511
1.17858
1.03731
0.972266
0.915929
1.22376
1.18992
1.43492
0.943352
1.26945
1.57284
1.32654
1.2187
1.33788
1.77596
1.14796
1.29483
1.52347
0.854609
1.3521
1.15142
1.38792
1.3254
1.05096
1.50238
1.05832
1.16761
1.27962
1.38798
1.26037
1.25752
1.43436
1.52617
1.67323
1.71381
1.54339
1.39242
1.49377
1.38966
1.20536
1.64509
1.23645
1.70355
1.55582
1.30106
1.43549
1.32863
1.32842
1.43487
1.54046
1.5119
1.60891
1.65612
1.35007
1.28386
1.02622
1.64857
1.75203
1.74586
1.628
1.31005
1.53411
1.4892
1.85135
1.4394
1.24589
1.39316
0.936665
1.35806
1.17614
1.853
1.61832
1.40066
1.38207
1.52329
1.05643
1.41374
0.874032
1.49361
1.51008
1.6551
1.48165
1.44045
1.54538
1.20016
1.40209
1.53254
1.26596
1.06983
1.42312
1.64877
1.63552
1.535
1.3731
1.64524
1.37617
1.2719
1.57025
1.41744
1.41326
1.35466
1.18975
1.40625
1.28594
1.68407
1.13477
1.45932
1.26466
1.27843
1.08385
0.901764
1.42375
1.17318
1.54521
1.22716
0.999467
1.13082
1.36146
1.35296
1.21644
1.25857
1.22695
0.776013
1.40192
1.39976
1.47495
1.23887
1.34463
1.41607
1.22836
1.2356
1.1917
1.39255
1.14016
1.09612
1.34722
1.31999
1.1038
1.32287
0.885385
1.00931
1.38448
1.55594
1.28818
1.05695
1.52416
1.55999
1.48506
1.44853
1.51445
1.35277
1.53989
1.19844
1.21468
1.1573
1.47912
1.14648
1.46102
0.840638
1.32903
0.788323
1.30871
0.677709
1.45867
1.2506
1.25469
1.2005
1.21026
1.45972
0.976445
0.808949
0.784199
1.10552
1.15829
1.08914
1.28024
1.08753
1.33823
0.631648
1.13199
1.53134
1.39558
1.02996
1.79913
1.632
2.10588
1.38527
1.15974
1.63147
1.45702
1.39025
1.6038
1.42907
1.44562
1.65487
1.43227
1.60194
1.29721
1.43893
1.29202
1.57427
1.85924
1.28188
0.972644
1.19555
1.30266
1.60223
1.48849
1.0785
1.30506
1.26951
1.1381
1.30921
1.42963
1.489
1.53361
1.49548
1.3839
1.59621
1.49345
1.22685
1.34016
1.16175
1.09629
1.21535
1.23769
0.851579
0.987175
1.5224
1.56246
1.87383
1.45617
1.86027
1.84924
1.46863
1.36901
1.41719
1.16166
1.52566
1.44538
1.76598
1.74736
1.52928
0.692918
1.29406
1.34238
1.3716
0.945946
0.813617
1.83104
1.88452
1.41521
1.11561
1.49136
1.39906
1.33248
1.61029
1.44462
1.30424
2.05279
1.41771
1.53378
1.43879
1.16803
1.25317
0.938911
1.25087
1.1684
1.44231
1.10796
1.61981
1.15498
1.1235
1.06056
1.13968
1.30834
1.28593
1.37973
1.16579
0.994236
1.21171
1.14316
1.21194
1.38542
1.45116
1.25605
0.889353
1.16289
1.46846
1.21118
1.23782
1.31845
1.43801
1.1542
1.35731
1.0899
1.11939
1.30779
1.52069
1.23876
1.30905
1.24788
1.45514
1.45697
1.25554
1.11514
1.26246
1.38363
1.1855
1.33971
0.89487
1.08537
0.76429
1.1379
1.3446
1.12854
1.54359
1.55838
1.26733
1.13019
0.906855
1.17159
1.20846
1.36251
1.14859
1.51015
1.19821
1.55133
1.54566
1.46642
1.46862
1.48146
1.07662
1.03742
1.24952
1.1431
1.30639
1.1663
1.14394
1.07864
1.31539
1.34147
1.19783
1.51019
1.65809
1.43833
1.4861
1.15615
1.39618
1.45285
1.21106
1.25702
1.58959
1.70068
1.19678
1.36154
0.621097
1.25341
1.70965
1.3181
1.55908
1.52903
1.70005
0.872302
1.55863
0.907128
1.50217
1.40435
1.68578
1.16194
1.29661
1.12016
1.17602
0.990956
1.37386
1.78996
1.81191
1.46184
1.48481
1.71967
1.4877
1.18759
1.36353
1.38402
1.37808
1.47521
1.47972
1.03997
1.45957
1.52128
1.63605
1.06588
1.21621
1.2313
1.74453
1.11632
1.58711
1.66101
0.699204
1.50355
1.30751
1.40052
1.7731
1.40268
1.32796
1.31101
1.66944
1.57225
1.46748
1.47616
1.44033
1.45716
1.34235
1.34873
1.07698
1.70877
1.68659
1.35241
1.63234
1.50941
1.94921
1.33356
1.39047
1.38768
1.16652
1.84151
1.25712
1.27569
1.73923
1.70157
1.20995
1.20892
1.27176
1.10441
1.71053
1.42187
1.6484
0.965945
1.33102
1.4791
1.46398
1.81726
1.60047
1.26426
1.08987
1.18131
1.36341
1.42624
1.12212
1.26462
1.4353
1.35384
1.26532
1.42961
1.16704
1.17095
1.09966
1.5835
1.24332
1.14895
1.41606
1.43313
0.998165
1.26306
1.55218
1.32857
1.12715
1.19953
1.46426
0.943218
1.70029
1.35687
1.67982
1.90429
1.5077
1.63689
1.66153
1.34014
1.47847
1.29331
1.60167
1.41277
1.26726
0.743458
1.12027
1.37215
1.52075
1.20897
1.03616
1.83071
1.87016
1.26911
1.06275
1.23793
1.32538
1.38219
1.36423
1.2655
0.72449
1.65454
1.29485
1.33674
1.37609
1.218
1.56102
1.27362
1.24978
1.47522
1.13268
1.02412
1.14366
1.37959
1.37254
1.4928
1.33414
1.32853
1.69222
1.58776
1.77533
1.37982
1.65939
1.37822
1.34147
1.6397
1.48042
1.57253
1.57123
1.54534
1.56879
1.18676
1.31861
1.52757
1.24252
1.22085
1.59358
1.45471
1.14082
1.23973
1.06119
1.42278
1.4652
1.58358
1.64028
1.13559
1.49431
1.51716
1.83214
1.15347
1.40681
1.48829
1.22603
1.45339
1.28541
1.81698
1.50478
1.81096
1.39126
1.60417
0.975031
1.0639
0.954592
1.50599
1.46779
1.7325
1.31795
1.39172
1.57736
1.24186
1.55407
1.31603
1.2799
1.25457
1.20699
1.55605
1.47528
1.41324
1.07999
1.3096
1.21731
1.47636
1.15532
1.19262
1.70038
1.41715
1.68263
1.2224
0.99364
1.49871
1.08565
1.43096
1.3466
1.18694
1.2067
1.3501
1.24746
1.15117
1.52716
1.64948
1.75898
1.20947
1.03773
1.16011
1.45909
1.03664
1.05214
1.08755
1.2946
0.988153
1.15337
1.04075
1.23707
1.29298
1.48273
0.822719
1.43405
1.43799
1.28085
1.32932
1.25482
1.4962
1.58739
1.40306
1.61994
0.813993
1.04421
1.07108
0.996251
1.24364
1.21434
1.32729
1.38309
1.59728
1.35235
1.51287
0.583412
1.32313
1.22528
1.23534
1.32816
1.37596
1.00018
1.5923
1.38935
1.58326
1.45283
1.34447
1.31962
0.993971
1.14327
1.06827
1.50907
1.04734
1.24738
0.966922
1.14109
1.15012
1.06319
1.5567
1.54889
1.33554
1.32907
1.33929
1.41437
1.46634
1.25381
0.826826
1.36535
0.948291
1.47335
1.49304
1.6063
1.32246
1.03401
1.61908
1.7535
1.35383
1.3811
1.08282
1.35342
1.63707
1.29825
1.1746
1.32528
1.16178
1.28817
1.40942
1.33707
1.48485
1.38124
1.17159
1.37743
1.46684
1.38819
1.67732
1.54697
1.5313
1.45424
1.50633
1.82141
1.47248
1.46926
0.922222
1.35408
0.736432
1.08304
1.27939
1.47249
1.35994
1.70308
1.29717
1.32886
0.894823
1.09304
1.25005
1.84393
1.58282
1.4295
1.56051
1.69265
1.9381
0.859026
1.03071
1.27235
1.32926
1.21873
1.20777
1.43322
1.1641
1.27335
1.55543
0.961947
1.25799
1.06803
1.50055
1.39576
1.57846
1.31736
1.29949
1.5988
1.24472
1.44771
0.794944
1.54944
1.36313
1.42831
1.48534
1.58485
1.95389
1.60279
1.57277
1.05438
1.07752
1.38899
1.45907
1.39608
1.34781
1.30327
1.21148
0.899803
1.0576
1.70191
1.48783
1.16201
1.73483
1.49914
1.24281
1.12044
1.47439
1.29718
1.49352
1.4106
1.16774
1.32448
1.53152
1.22184
1.37677
1.05158
0.780573
1.5809
1.57107
1.17053
1.61334
1.86621
1.25758
1.40619
1.20533
1.36577
1.32026
1.49017
1.46114
1.39011
1.36197
1.90038
1.50173
1.64815
1.3297
1.22604
1.3
1.39332
1.22495
1.61519
1.5923
1.42338
1.12957
1.48459
1.80439
1.58026
1.45772
1.46385
1.11498
0.992359
1.58202
0.958908
1.2854
0.980958
1.28372
1.40206
1.11673
1.36093
1.55178
1.36721
1.322
1.29172
0.498676
1.04822
1.36294
1.1789
0.979814
1.47502
1.12547
1.20714
1.05671
1.19614
1.27267
1.46901
1.05695
1.23108
1.09175
1.48558
0.787715
1.20369
1.35328
1.23739
1.352
1.3188
0.778886
0.77475
1.18366
1.83226
1.53034
1.69715
1.60525
1.39645
1.71025
1.21437
1.45422
0.990634
1.42484
0.880913
1.73578
1.28857
1.35782
1.11889
1.17372
1.21299
1.48375
1.0131
1.20403
1.18053
1.30088
1.66235
1.18833
1.15095
1.31697
1.22416
0.814594
1.39207
1.05697
1.42213
1.56835
1.19145
1.12383
1.5846
1.11295
1.1101
1.16967
1.75599
1.25477
1.37553
1.35148
1.57372
1.44254
1.02539
1.48048
1.32192
1.28277
1.42716
1.34445
1.47731
1.63931
1.77889
1.28199
1.3897
1.40536
1.22771
1.13165
1.22633
1.59308
1.43559
1.76441
1.42581
1.53792
1.55756
0.848684
1.33718
1.64463
1.55531
1.27086
1.26357
1.5126
1.54613
1.54382
1.67944
1.12823
1.04544
1.36643
0.974431
0.706056
1.54077
1.46902
1.37361
1.16281
1.2908
1.01618
1.53521
1.25848
1.5358
1.65438
1.45037
1.3354
1.48753
1.65531
1.17356
1.40467
1.445
1.15785
1.41245
1.23337
1.50599
1.43972
1.45382
1.53014
1.58972
1.24313
1.47776
1.5852
1.7433
1.50909
1.1134
0.949155
1.26734
0.79892
1.43218
1.50841
1.57023
1.69915
1.25028
1.14597
1.21796
1.20731
1.4032
1.31038
1.2214
1.5563
1.48734
1.02317
0.824851
1.27137
1.48961
1.42939
1.62647
1.56242
1.09363
1.40495
1.49404
1.1182
1.11384
1.38757
1.034
1.05184
1.02308
0.851937
1.18171
1.63786
1.53125
1.43238
1.52592
1.12748
1.49509
1.47401
1.15352
0.973169
1.56335
1.48228
1.56761
1.18957
1.25996
1.44043
1.42582
1.3342
1.5318
1.37741
1.13137
1.33806
1.07601
1.20127
1.02158
1.29137
1.23108
1.30494
1.32532
1.47165
1.39891
1.52932
1.6982
1.3577
1.41967
1.24717
1.16133
1.34327
1.20563
1.07498
1.37279
1.37425
1.34037
1.30861
1.1378
1.4227
1.32002
1.21454
1.10208
1.42622
1.24956
1.33606
1.08554
0.840256
1.13318
1.14986
0.827738
1.12815
1.42774
1.02467
1.37058
1.11058
1.38064
0.977954
1.23122
1.39583
1.30519
1.46625
1.56702
1.27412
1.13472
1.55221
1.56007
1.45542
1.32981
1.32694
1.2968
1.51937
0.796226
1.66453
1.37075
1.13661
0.936067
1.36132
1.31759
1.52401
1.004
1.25236
1.42412
1.44724
0.915961
1.43428
1.52907
1.40934
1.72862
1.43353
1.12311
1.3538
1.20991
1.20826
1.09199
1.22848
1.2563
1.29731
0.963975
1.02135
1.1034
1.58502
1.55148
1.54727
1.4632
1.09571
1.42142
1.15356
1.53873
1.63419
1.62956
1.53677
1.03948
1.35717
1.60863
1.76322
1.14739
1.42967
1.5695
1.27639
1.16356
1.09709
1.35308
1.20952
1.31922
1.67723
1.13226
1.33657
1.08294
1.12303
1.19169
1.54837
1.61991
1.36757
1.50567
1.63892
1.2782
1.30299
1.25535
1.10638
1.56631
1.24687
1.11104
1.48805
1.66002
1.53433
1.40486
1.1407
0.948253
1.25164
0.880239
1.37481
1.10084
1.33788
1.57026
1.28082
1.41993
1.31298
1.38637
1.28882
0.892388
0.964293
1.14147
1.56589
1.30487
1.32645
0.929558
1.42439
0.991257
1.40404
1.55036
1.16349
1.64563
1.51792
0.830947
1.07722
1.23841
1.23718
1.09606
1.40049
0.876053
1.10132
1.19376
1.372
1.37575
1.37586
1.31775
1.52643
1.37384
1.34483
1.23237
1.29876
0.795656
1.19135
1.40576
1.38357
0.993247
1.23062
1.24559
1.2689
1.43538
1.28246
0.988766
1.22119
1.26178
1.69041
1.38924
1.59451
1.37424
1.46965
1.4528
1.11779
1.36769
1.15917
1.55093
0.763944
1.5072
0.964259
1.24504
1.01687
1.19348
1.15692
1.31339
1.23576
1.34659
1.19197
1.32544
1.61414
1.0461
0.83454
1.20015
0.969623
0.857086
1.28747
1.02573
1.19504
1.35075
1.04342
1.18117
1.23468
1.07149
1.06321
1.23558
1.34732
1.65504
1.39411
1.4116
1.43746
1.45265
1.19666
1.06487
0.838296
1.05745
1.38223
1.19318
0.945687
1.15569
1.14343
1.50513
1.02715
1.37362
1.23678
1.30481
1.06497
1.27203
1.41512
1.42151
1.3123
0.987761
1.26218
1.26543
0.999501
1.14596
1.39585
0.813899
1.30037
1.28955
0.969314
1.67105
1.55966
1.47736
1.40829
1.37425
1.50395
1.18476
1.43273
1.10966
1.43081
1.15042
1.37192
1.34926
1.53977
1.32416
1.38217
1.46956
1.42863
1.05155
1.25826
1.18349
1.29446
1.36419
1.23666
1.2247
1.1019
1.42006
1.41914
1.13508
1.24547
0.971658
1.20894
1.30337
1.45605
1.0973
0.908227
1.35871
1.16806
1.12852
1.13984
0.892425
0.885395
1.556
1.0274
0.898532
1.05864
1.05562
1.01913
1.4371
1.1283
1.26603
1.07276
1.28156
1.06221
1.27156
1.23265
1.48484
1.33513
1.14681
0.998725
1.05064
1.48285
1.49033
1.59623
1.22454
1.36886
0.945849
1.11579
1.13301
1.10816
0.845125
1.50033
0.867997
1.44572
0.929493
1.09569
1.18874
1.58236
1.36694
1.17391
1.28094
1.39115
1.59069
0.692799
1.02309
1.10133
1.12937
1.20361
1.04536
0.854889
1.19211
0.90916
1.6251
1.19622
1.18652
0.846902
1.26846
1.61027
1.33332
1.53279
1.53372
1.72245
1.16895
1.52595
1.01074
1.33667
1.31573
1.42315
1.29575
1.25736
1.0829
1.07527
0.729761
1.24552
1.72186
1.57918
1.33547
1.40025
1.62798
1.25358
1.12491
1.41454
1.3116
1.37772
1.41297
1.23
1.07352
1.4979
1.45432
1.464
0.905647
1.02622
1.2546
1.68686
0.985563
1.66503
1.68207
0.996716
1.30854
1.31482
1.34327
1.51175
1.46034
1.43501
1.44318
1.61697
1.57882
1.56252
1.67435
1.29945
1.37993
1.25375
1.45129
1.244
1.6537
1.56345
1.23584
1.34363
1.52398
1.74165
1.4113
1.37338
1.42917
1.39866
1.19646
1.45136
1.05415
1.17727
1.52766
1.26986
1.2839
1.27696
1.27254
1.20697
1.28351
0.767487
0.771648
0.983587
1.34079
1.0869
1.44723
1.60605
0.815512
1.04838
1.58597
1.17665
0.878886
1.32336
0.840123
1.09707
1.3021
1.01554
1.4146
1.19243
1.34025
1.08719
1.28135
0.933495
1.10162
1.27838
1.03125
0.958606
1.49049
1.46065
1.08552
1.10159
1.17763
1.35209
1.43099
1.42689
1.295
1.17696
1.19355
1.52689
1.06725
1.15323
1.04736
1.10562
1.24772
0.964127
1.35736
1.06522
1.3692
1.27838
1.20589
1.03565
1.2486
1.18523
1.33493
1.21404
1.40622
1.66976
1.04763
0.977636
0.811381
1.13655
1.0234
1.36891
1.19697
1.32708
1.24086
1.25616
1.02933
1.09613
0.733626
0.766542
1.45854
0.993177
0.899889
1.36658
1.12463
0.99543
1.24108
1.28849
0.998194
1.08131
1.28672
1.29393
1.15806
1.60636
1.32774
1.54653
1.44824
1.43168
1.07735
1.19558
1.62477
1.11315
1.31395
1.13159
0.893617
1.07355
1.14414
0.86542
0.92262
1.50884
1.10532
1.09749
1.30213
1.37346
0.939556
0.768155
1.03446
0.880243
0.828539
1.23523
0.684697
1.03546
1.27572
1.12446
1.03255
1.10044
1.10374
1.28647
1.03357
1.45389
1.04192
0.918958
1.43865
1.47704
1.07503
1.37259
1.38339
1.5001
1.11669
1.29895
1.45961
1.18352
1.06482
1.40964
1.65767
1.30905
1.50529
1.13727
1.08349
1.15792
1.18343
1.37989
1.07385
1.37394
1.33226
1.37656
1.24513
1.02099
1.48404
1.71214
1.07536
1.27292
1.44414
1.15569
0.955006
1.12689
1.23223
1.52828
1.53244
1.19737
1.21406
1.34842
1.52437
1.67275
1.43903
1.56816
1.64572
0.786117
1.04408
1.25422
1.33012
1.09853
0.805121
1.17643
1.29559
1.45244
1.11761
1.26889
1.38486
1.42541
1.20095
1.49605
1.31188
1.15428
1.75937
1.63511
0.762902
1.39368
1.27147
1.13416
0.995838
1.18561
1.29676
1.27254
1.59836
1.13727
1.42148
1.66369
1.17429
0.814898
1.12978
1.00899
1.08531
1.38397
1.2137
1.4756
1.00247
1.52054
1.31745
0.981374
1.6857
1.2143
0.966968
1.06766
1.30063
1.36815
1.27431
0.919133
1.28771
1.53144
1.49736
1.24905
1.44543
1.16494
1.23833
1.3326
1.45905
1.50083
1.59822
1.16845
0.922464
1.49543
0.981893
1.30967
1.02591
1.34164
1.23452
1.42763
0.967323
1.50563
1.21222
1.50414
1.43503
1.23235
1.04458
0.923981
1.2393
1.2465
0.637541
1.04588
1.56248
1.2211
1.0952
1.40923
1.08687
1.21474
1.37439
1.37413
1.24007
1.73068
1.49184
1.56018
1.44515
1.44741
1.61011
1.2597
1.62768
1.31848
1.6331
1.50941
1.41083
1.31664
1.41588
1.29947
1.26115
1.24786
1.19967
1.02922
1.16987
1.48405
1.6079
1.30967
1.36063
1.43705
0.902267
1.39071
1.57918
1.54324
1.53614
1.62321
1.44838
0.969064
1.36546
1.10486
0.942408
1.1142
1.12838
1.50846
1.26634
1.17888
0.540234
1.32008
1.38276
1.52569
1.37283
1.22006
1.38748
1.55645
1.36532
1.26544
1.43959
1.48578
1.60361
1.15954
1.27886
1.69851
1.13577
1.35148
1.54703
1.50702
1.38997
1.73651
1.2884
1.15909
1.39708
1.35327
1.38544
1.7445
1.49175
1.49118
1.5607
0.907998
1.26339
1.40193
1.33131
0.882073
1.6828
1.17166
1.45925
1.13952
1.36174
1.40322
1.51291
1.66571
1.41046
1.18248
1.57187
1.58658
1.31912
1.55557
1.1981
1.14139
1.47162
0.949205
1.10687
1.29899
1.40027
1.49144
1.16178
1.23971
1.15989
1.35882
1.13546
1.49809
1.63014
1.75106
1.00599
1.45986
1.25484
1.22441
1.18669
1.56329
1.61562
1.7071
1.66732
1.20233
1.80306
1.65488
1.16883
1.16108
1.35193
1.113
1.15709
1.42255
0.945857
1.19945
1.64415
1.65004
1.32309
1.29392
1.33044
1.7133
1.0488
1.41438
1.34373
0.894012
1.34185
1.34504
1.35701
1.8394
1.51338
1.1301
1.40442
1.67983
1.21948
1.44303
1.29039
1.57738
1.71963
1.16128
1.1877
1.32493
1.4909
1.47876
1.26479
1.68559
1.43202
1.87165
1.16258
1.51849
1.13803
1.35626
1.30151
1.18305
1.48168
1.21842
1.31951
1.1265
1.40046
1.33844
1.43384
1.17905
1.37017
1.27364
1.47259
1.04799
1.1291
1.39213
1.35075
1.35402
1.2078
0.795888
0.910432
0.983274
1.84699
1.57532
1.86274
1.62855
1.54556
1.64301
1.35774
1.37886
0.99675
1.46801
1.07684
1.73172
1.36844
1.42498
1.14618
1.02996
1.22694
1.37677
1.1256
0.994078
0.896528
1.41725
1.69197
1.28873
1.03657
1.34253
1.16284
0.890822
1.62035
1.16405
1.40545
1.7662
1.30493
1.2499
1.13119
1.19997
1.34469
1.04997
1.07218
1.15664
1.02812
0.874975
0.818028
1.52258
1.22534
0.766395
1.42269
1.34152
0.894947
1.06963
0.955353
0.858043
1.31229
1.40515
1.10734
0.827432
1.37464
1.27544
1.42845
1.1789
1.13892
1.34464
1.50706
0.974683
1.18139
1.35722
0.990994
1.08969
1.22525
0.956519
1.32646
0.831889
1.12355
0.489326
1.25092
1.42627
1.11433
1.09169
1.11686
1.21009
0.979898
0.810541
0.516861
1.2774
1.18693
1.09843
1.08389
1.1419
1.58026
0.875569
1.01643
1.06446
1.00795
1.25828
1.1474
1.0731
1.27193
1.05776
1.04775
1.14587
1.01299
0.937334
1.39905
1.17157
1.21285
1.395
1.19252
1.16348
0.992167
0.902393
1.11944
1.0793
1.23182
0.929434
1.12245
1.2723
0.871046
1.42318
1.347
1.32719
0.99251
1.31786
1.38572
1.11865
0.912582
1.27079
1.02827
1.50265
1.19623
1.26409
0.722636
1.65594
1.36614
1.37931
1.34535
1.24261
0.858627
0.968262
1.24145
1.03785
0.943343
1.06376
0.688154
1.2668
1.31673
1.3414
1.07802
0.8962
1.57341
0.780154
0.898122
1.34958
1.27787
1.26147
1.24175
1.21215
1.16183
1.41621
1.06427
1.059
1.55238
1.60762
1.62096
1.3927
1.37596
1.3169
1.18247
1.37445
1.50474
1.30811
1.45383
1.47083
0.884337
1.42794
1.53546
1.40016
1.23417
1.40185
1.26077
1.34452
1.38275
1.189
1.20957
1.3653
1.40663
1.06377
1.52695
1.37738
1.4553
1.28685
1.31198
1.34395
1.15187
1.16669
1.17323
1.08555
1.38839
1.04172
1.43844
1.33777
1.43057
0.569234
1.66213
1.06204
0.963272
1.1558
1.17892
1.20146
1.29078
0.948841
1.13927
1.10632
1.19359
0.975566
1.5914
1.4196
1.34593
1.24275
1.29437
1.03459
0.99426
1.48348
1.48028
1.42662
1.65629
1.57592
1.41198
1.56857
1.5542
1.24887
1.02011
1.74448
1.12915
1.56964
1.46739
1.01907
1.47663
1.50205
1.45312
1.12813
1.41492
1.39456
1.59506
1.2716
1.45005
1.20096
1.3119
1.51629
1.10618
0.737151
1.2755
0.684689
1.56677
1.20789
1.42343
0.978387
1.13392
1.11412
1.13284
0.909503
1.23542
1.26794
1.38801
1.46095
1.17713
1.36813
1.55837
1.25049
0.946168
1.00432
0.987361
1.34395
1.55156
1.01113
1.39349
1.0348
1.39591
1.31984
1.09639
1.53877
1.50909
1.03725
1.25224
1.41917
0.882689
1.4112
0.79644
1.44868
1.69771
1.29806
0.891126
1.21965
1.24899
1.15243
1.20207
1.20673
1.67475
1.72693
1.26778
0.825507
1.25612
1.15403
1.43126
0.975558
1.49279
0.944215
1.55319
0.814858
1.31293
0.71061
1.18524
0.983513
0.937214
1.32396
1.10881
1.23114
1.16879
1.14008
1.0811
1.45026
1.40498
1.42979
1.34594
1.43589
1.40688
1.0377
1.50386
1.26925
1.54189
1.46184
1.40176
1.21358
1.31988
1.21081
1.27235
1.1465
1.0712
1.12521
1.17337
1.45979
1.48966
1.05046
1.20833
1.32593
0.89721
1.15782
1.22311
1.37168
1.37505
1.49854
1.48996
0.924861
1.24404
1.03637
1.01316
1.20096
1.09412
1.37187
1.33039
1.08917
0.469338
0.822451
0.850999
1.08847
1.18429
1.33726
1.41242
0.848715
1.0617
1.36433
1.27733
1.16134
1.35617
0.919465
1.09168
1.28572
0.823399
1.34022
1.07579
1.43454
1.26133
1.2704
1.04195
1.18457
1.26209
1.01344
0.956911
1.15442
1.32109
1.02602
1.39766
1.3343
1.31378
1.2372
1.4035
0.942663
1.15496
1.08854
1.3963
1.21446
1.25199
1.27587
1.03131
1.28236
0.996942
1.12836
1.13755
1.16312
1.38157
1.34609
1.14934
0.865645
0.789425
1.07256
1.2378
1.3201
1.44331
0.86301
1.0767
1.30223
0.745833
0.825083
1.04125
0.942912
1.10955
0.885567
0.779608
1.26652
1.23164
1.37559
1.26067
1.2338
1.2956
1.19704
1.10586
1.08777
1.0151
1.38878
1.34193
1.25089
1.11916
1.12756
1.14093
1.22988
1.19825
1.25638
1.07821
0.790265
1.26103
0.9958
1.17668
1.10238
1.02949
1.17367
1.00827
1.25909
1.24179
1.1788
1.21004
1.46425
1.01797
1.30005
0.782199
1.39371
1.1127
1.14113
1.00779
1.26134
1.09951
1.05788
0.916283
0.917388
1.11156
1.2742
1.12525
0.899933
1.53781
0.960617
1.35563
0.843179
0.865592
1.30252
1.29587
0.683386
1.2327
1.32569
1.09579
1.02735
0.975174
1.09655
1.24983
1.20303
1.31829
1.20619
1.20253
1.22477
1.32122
1.55571
1.08671
1.24763
1.04894
1.05768
1.15814
1.15858
1.20471
0.732916
0.992654
1.24166
1.23208
0.896368
1.1074
1.61899
1.05929
0.950539
1.39937
1.28394
0.990784
1.24525
1.04892
1.12659
1.48544
1.45517
1.18976
1.1466
1.74359
1.01108
1.69427
1.21794
1.13981
1.55474
1.14783
0.950514
1.04953
1.3296
1.33737
1.00271
1.21488
1.06585
1.27124
1.03854
1.52508
1.02845
0.925023
1.50185
1.28761
1.54247
0.942166
1.06663
1.27336
0.951243
1.05825
1.1417
1.07874
1.11637
0.816274
1.49253
1.36935
1.01207
0.956065
1.15984
1.59341
1.17492
0.694636
1.56835
1.4429
1.2985
1.40271
0.868968
1.18518
1.38396
1.27237
1.14061
1.3593
0.761979
1.6165
1.42153
1.25111
1.38179
1.64466
1.33725
1.17202
1.71463
1.57239
1.09585
1.45104
1.08601
1.40333
1.06733
1.54051
1.16111
1.27056
1.16305
1.28333
1.63548
1.67006
1.18719
0.998585
1.45351
0.708188
1.2956
1.30028
1.32799
0.789756
1.13615
1.25772
1.28472
1.00635
1.22576
1.15065
0.795985
1.49877
1.26088
1.12954
1.37819
1.43692
1.09618
1.20983
1.56327
1.4264
1.27154
1.55704
1.3813
1.53249
1.46796
1.21325
1.36038
1.18517
1.69651
0.766857
1.40939
1.19114
1.03053
1.16954
1.37404
1.28731
1.1365
1.24506
1.47067
1.53341
1.34574
1.62352
1.10881
1.01109
1.39848
0.86098
0.693461
0.987518
0.637202
1.20598
0.844513
1.03607
0.993034
1.67645
1.42832
0.70874
1.58387
1.30283
0.970297
1.51545
1.59549
1.23622
1.12598
1.6247
1.35537
1.40906
1.44995
1.31467
1.62131
1.77884
1.36728
1.35215
1.57166
1.46358
1.08183
1.42841
1.23797
1.21587
1.23609
1.41123
0.803808
1.24424
1.78247
1.52683
1.45371
1.36005
1.40601
1.02195
1.12993
0.974483
1.41277
1.06786
1.12708
0.777982
1.35065
1.46484
1.24958
1.0437
1.3176
1.47437
1.3546
1.05055
1.27494
0.899071
1.19115
1.2685
0.861741
1.43818
1.45947
1.53485
1.53161
1.54098
1.33355
1.439
1.2332
1.20879
0.740241
1.52358
1.23824
1.39655
1.43775
1.44975
1.46095
1.3382
1.57916
1.39231
0.631868
1.28316
1.53186
1.40591
1.69893
1.24611
1.1918
1.62705
0.946254
1.06674
1.05001
1.32421
1.39295
1.20372
0.997397
1.26594
1.39561
1.35136
1.25041
1.4022
1.17988
1.40386
1.34455
1.33008
1.44492
1.17774
1.02524
1.48189
1.41505
1.20223
1.08094
1.59381
1.23935
1.21804
1.73592
1.58512
1.102
1.27582
0.867829
1.09028
1.32996
1.35671
0.968849
1.41813
1.00123
1.3826
1.29317
1.27665
1.31766
0.950374
1.19615
0.710187
1.34345
1.36118
1.17883
0.957684
1.08799
1.19763
1.07686
1.41625
1.43863
1.16258
1.6193
1.62341
0.981032
1.11146
1.57667
1.66521
1.44609
1.52023
1.47106
1.47078
1.71186
1.20074
1.56611
1.40331
1.51661
0.804677
1.648
1.17219
1.16945
0.997477
1.42812
1.06032
1.39873
1.45571
1.47363
1.48415
1.21713
1.51091
1.19568
1.19218
1.13373
1.32608
0.926842
1.24212
0.746147
1.39854
1.35703
1.20647
0.952659
1.11712
1.309
1.26469
1.09846
0.837536
1.1573
1.13639
1.50586
1.40066
1.1981
1.05194
1.34679
1.21113
0.976824
1.41372
1.38547
1.33802
1.36027
1.33172
0.978035
1.27028
1.14482
1.23478
1.31385
1.46741
1.35077
0.992764
1.23617
1.07074
1.21724
1.18252
1.09499
1.12553
1.25022
1.50592
1.52025
1.37424
1.26218
1.76713
1.2524
1.54443
0.737046
0.934974
1.21361
1.21399
0.904439
1.49056
1.02528
1.47195
1.25402
1.19517
1.53207
1.29171
1.09599
0.784948
1.0913
1.4605
1.30711
1.11944
0.986271
1.26416
1.23262
1.30463
0.941929
1.24184
1.24677
1.09142
1.30723
1.1614
1.28122
0.851983
0.8496
1.09479
0.979023
1.23068
0.918031
1.22841
1.1298
1.34874
0.688506
1.37758
1.0867
1.45804
1.18964
0.840192
1.49527
1.1985
1.32268
1.44838
1.25936
1.76617
1.7761
1.20934
1.2222
1.42966
1.4379
1.28423
1.29966
1.27701
1.32423
1.31386
1.16719
0.804549
1.41398
1.4074
1.25361
1.28339
1.48587
1.61056
0.870063
1.04654
1.16512
1.27092
1.23445
0.919243
1.12459
1.01229
1.47827
0.898672
1.43457
0.77734
1.24424
0.793676
0.971395
1.12878
1.0924
1.4348
1.19393
1.36629
1.48781
1.43392
0.993684
1.06345
1.37697
1.48735
0.980908
1.45332
1.30409
1.59923
0.93573
1.39332
1.17711
1.23645
1.08931
1.17611
1.56101
1.557
0.902774
1.02296
1.41894
0.984355
1.22738
1.1074
1.31392
1.05281
1.45878
1.19456
1.39987
1.00276
1.05919
0.830077
1.35932
1.32676
1.40521
1.05853
1.34092
1.28253
1.35411
1.04757
1.09827
1.4374
1.31098
1.17169
1.32391
1.274
1.67889
1.1646
1.58124
1.13542
1.45726
1.24528
1.28669
1.37535
1.36302
0.965568
1.12351
1.48641
1.08843
1.15773
1.41018
1.218
1.44524
1.65056
1.48556
1.45973
0.990232
1.08526
1.61677
1.3122
1.44021
1.23831
1.4282
1.43499
1.17835
1.33912
1.17255
1.61249
1.01054
1.57141
1.01366
0.905734
1.27088
1.30443
1.26514
1.37181
1.38842
1.15746
1.29544
1.00704
1.26741
0.923855
1.18284
1.26487
1.17175
1.01557
1.43457
0.854469
1.38692
1.55713
1.36037
1.38679
1.0616
1.32859
1.36875
1.44874
1.32399
1.34556
1.60646
1.17823
1.01147
0.923451
1.09771
1.12797
1.28851
1.30436
1.35727
1.24232
0.898344
0.969113
1.2265
1.04645
0.970336
0.987621
1.33053
1.48458
0.91076
0.925163
1.13339
1.11286
0.921723
1.05974
1.09454
1.18314
1.53126
0.967819
1.09416
1.74948
1.13947
1.73652
1.38823
1.39045
1.72096
1.59836
1.47301
1.32282
1.37953
1.53489
1.43296
1.54181
1.45738
1.56111
0.717923
1.49048
1.44508
1.45814
1.08837
0.817413
1.7149
1.73266
1.16054
1.15414
1.40976
1.29786
1.36164
1.68768
1.48345
1.1948
1.9299
1.58242
1.54158
1.47434
1.19622
0.976776
1.6599
1.22973
1.38483
0.984075
1.56532
1.44807
1.59936
0.628858
1.46178
1.39151
1.58439
1.49402
1.38423
0.860001
1.74608
1.40067
1.67008
1.46596
1.26698
1.29555
1.09783
1.35696
1.18066
1.49474
1.06619
1.23962
1.34621
1.41052
1.2453
1.33683
1.4224
1.20206
1.3018
1.69782
1.61553
1.67938
1.64431
1.66688
1.59783
1.16297
1.41963
1.01622
1.50717
1.1247
1.50958
1.46804
1.6468
1.43938
1.42327
1.68798
1.66574
1.04622
1.26103
1.35393
1.23281
1.53083
1.32653
1.32378
0.747804
1.36933
1.47533
1.48345
0.729125
1.12533
1.27036
0.934058
1.53293
1.72338
1.32539
1.36459
1.00735
0.969321
1.33662
1.4662
1.70296
1.52683
1.51832
1.74294
1.73089
1.90395
1.082
1.05336
1.14826
1.36951
1.17312
1.49478
1.67603
1.05844
1.38158
1.49079
1.42869
1.31221
1.42502
1.40432
1.27794
0.943045
1.37449
1.68302
1.1924
1.27201
0.748466
1.12602
1.27642
1.52259
1.34054
1.43796
1.22083
1.72434
1.52791
1.60005
1.31324
1.20988
1.01021
1.15448
1.22701
1.33809
1.49275
1.10794
1.17665
1.28429
1.5396
1.35225
1.44921
1.29088
1.39259
1.56211
1.29485
1.42067
1.42656
1.31357
1.15203
1.30238
1.25991
1.50231
1.61215
1.48678
1.42114
1.50314
1.61916
1.19146
1.27865
1.3081
1.27122
1.18221
1.25818
1.48076
1.38334
1.48411
1.41837
1.36037
1.37134
1.06585
1.32074
1.15616
1.26602
1.73938
1.4944
1.17737
1.09798
1.25504
1.31337
1.75033
1.67793
1.02706
1.55401
1.33542
1.74927
0.9682
0.975349
1.52257
1.11952
1.40522
0.936913
1.48291
1.52625
1.35996
1.60996
1.36131
1.34462
1.3069
1.45381
1.43226
1.09772
0.825109
1.23715
0.960792
1.51066
1.17587
1.42956
1.34269
1.45755
1.21255
1.52643
1.61938
1.13682
1.43214
1.19106
1.10658
1.24395
1.29925
1.29284
0.983799
1.2253
1.42412
1.43631
0.935363
1.29321
0.899999
1.55247
1.39766
1.16642
1.27108
1.33407
1.43682
1.3988
1.15469
0.805441
1.47749
1.0825
1.30281
1.22733
1.17953
1.10234
0.861585
1.25731
0.916096
1.05174
1.2437
1.15424
1.47421
1.4831
1.11832
1.20613
1.65045
1.19604
1.52467
1.29737
1.33288
1.28869
1.34721
1.40325
1.164
0.882751
1.08293
1.28842
1.23789
1.50913
1.22889
0.981023
1.45441
0.73835
0.791048
1.32785
1.21309
1.47567
1.30067
1.06887
1.07997
1.4098
1.14765
1.59057
1.94102
1.41074
1.05144
1.36359
1.45495
1.48089
1.45513
1.30587
1.71228
1.72445
1.48385
1.15362
1.22611
1.60061
1.55972
1.35199
1.61876
1.43728
1.95903
1.29442
1.2647
1.51169
1.05569
1.34174
1.24588
1.45817
1.33856
1.3324
1.24624
1.62621
1.59648
1.1842
1.54575
1.0881
1.12368
1.36561
1.18598
0.700158
1.02534
0.809379
1.54446
1.23991
1.10342
1.03468
1.35315
1.39931
1.45661
1.18926
1.41824
0.94492
1.57163
1.35378
1.47412
1.51392
1.35072
1.19656
0.930564
1.22506
1.08806
1.49858
1.02233
1.34527
1.0628
1.37651
1.17306
1.24147
0.97095
0.969256
1.58161
1.10871
1.41199
1.49092
1.39602
1.54055
0.646381
0.930202
0.891766
1.02291
0.858268
1.12728
1.2866
1.1778
1.11809
1.32145
1.27143
1.01348
1.27258
1.31837
1.58864
1.36854
1.24249
1.67587
1.34859
1.61533
0.982946
1.0474
0.94978
1.23873
1.23906
1.02308
1.22864
1.344
0.827816
1.26495
1.11055
1.4093
1.31969
1.31831
0.919098
1.34611
1.23438
1.05854
1.21172
1.12556
1.37492
1.39384
0.820517
0.767637
1.08379
1.30713
1.39371
1.28904
1.11969
1.42345
0.851836
0.964495
1.20547
1.29241
1.23559
0.965577
0.595173
1.81296
1.85374
1.22044
0.856638
1.25995
1.18085
1.2952
1.41277
1.44424
0.824881
1.78346
1.22211
1.32765
1.33264
1.568
1.09185
1.02488
1.31908
1.38115
1.04769
0.848474
0.624095
1.30746
1.26216
1.26598
1.20787
1.12235
1.66328
0.935562
1.20249
1.55488
1.1389
1.34607
1.35331
1.24419
1.33111
0.810023
1.2991
0.816374
1.02066
1.31228
0.941733
1.37427
1.35683
1.28285
0.909643
1.25722
1.39406
1.5816
1.94389
1.48542
1.12288
1.62026
1.00378
1.17529
1.27741
1.52775
1.32075
1.37613
0.90426
1.28557
0.728404
1.39182
1.42262
1.36468
0.831359
1.12667
0.986096
1.35162
1.62587
1.3995
1.09619
1.7671
1.18315
1.32305
1.73752
1.76728
1.31937
0.845004
1.13788
1.24174
1.34894
1.68791
1.53406
1.05064
1.97982
1.29882
1.40654
0.620263
1.18949
1.25193
1.08427
1.22633
1.30495
1.38475
1.06979
1.66893
1.37722
1.26282
1.23627
1.26963
1.32406
1.04903
1.38366
1.56488
1.54957
1.22435
1.71593
1.61528
1.52149
1.36548
1.02786
1.06313
1.13057
1.07199
0.918071
0.970885
1.10533
1.30788
1.10696
1.34014
0.846001
0.652751
0.976467
1.08751
1.08288
0.859123
1.30765
0.703643
0.886907
1.28652
1.41507
1.30702
1.26928
1.10268
1.60155
1.03566
1.08215
0.899137
1.13072
1.02346
1.03336
0.945063
0.897403
0.985565
1.13275
0.688059
1.46464
1.20006
1.13361
0.889661
1.09305
1.19745
0.913752
0.790318
1.13322
1.4117
1.12691
1.25786
0.977954
1.38564
0.998222
1.36424
1.12961
1.1501
1.05549
